  1.00E-11          EPS
   100   40          NS   NRG
 0.001            DFACT
    1               ILIST          0
    1               NDATA
    1               NSTP(1)
    0               IFILE
    1               IBOUND
    1  500          NSTEP   NP
   7.6656488  7.6656488  7.6656488     BOXLX   BOXLY   BOXLZ
    1   1.43691   7.44623   0.15537
    2   0.64711   2.32891   3.06827
    3   0.44577   1.79481   1.89256
    4   7.45807   1.14319   2.04187
    5   7.31615   0.96507   3.74580
    6   1.18058   4.41251   0.27551
    7   1.63803   0.52952   3.48684
    8   0.54659   6.80445   3.85218
    9   0.31361   0.08968   1.87799
   10   1.35931   7.23866   3.58157
   11   1.74927   0.59564   6.21809
   12   7.46730   0.69509   4.70966
   13   0.85156   0.71845   0.16065
   14   0.59310   2.51597   4.77799
   15   2.61104   0.49380   6.68350
   16   1.58190   1.29010   5.48086
   17   2.49971   7.53576   0.23638
   18   2.12239   7.23759   6.92680
   19   1.49413   7.10777   6.16559
   20   2.18691   5.27514   6.56490
   21   1.39625   3.48085   0.78292
   22   0.15378   3.73888   6.30189
   23   0.46866   1.83349   0.10625
   24   5.94144   3.49632   1.29102
   25   1.95075   4.97633   1.36271
   26   0.22694   5.70399   1.63257
   27   6.72667   0.86455   1.38835
   28   6.73434   2.60989   3.42074
   29   0.01594   4.06665   3.57840
   30   1.46073   1.09862   4.31530
   31   2.33133   6.80778   4.19899
   32   7.61308   2.26770   3.74540
   33   5.47053   2.50965   7.07088
   34   7.27586   2.18882   5.67148
   35   0.69465   0.95718   5.99679
   36   6.34185   2.65854   5.51430
   37   0.16707   0.78866   1.15829
   38   1.65701   2.52864   2.40081
   39   0.93020   1.45836   0.96788
   40   0.78006   3.49675   7.29600
   41   6.66602   5.26430   6.91538
   42   0.52377   5.23329   0.00809
   43   2.22425   4.71588   0.37200
   44   0.17530   4.29583   0.27732
   45   7.24473   5.10194   0.62001
   46   0.35687   3.31246   0.56929
   47   0.39203   2.34389   0.99661
   48   0.50108   6.50348   2.11654
   49   0.78867   3.04235   3.93282
   50   2.21035   5.69043   1.99918
   51   0.13972   3.02131   5.39866
   52   7.27992   5.44542   4.25979
   53   0.37721   4.76471   6.05129
   54   0.94535   1.79234   3.91460
   55   3.03732   2.17552   0.25985
   56   0.10552   1.08928   7.06775
   57   0.09620   1.87627   6.44671
   58   6.22989   4.80450   4.32602
   59   2.10097   2.17322   7.24660
   60   7.21349   5.85726   0.02125
   61   0.34841   5.98054   0.60963
   62   1.67293   5.57451   0.67815
   63   3.06665   5.69584   6.61806
   64   1.11031   4.25290   1.29524
   65   0.48721   4.26154   2.69098
   66   3.77634   5.06511   7.09138
   67   0.98595   3.99348   3.72015
   68   7.42582   7.30685   2.51163
   69   1.20832   5.15664   3.34658
   70   5.01430   6.31495   5.14180
   71   1.64624   4.77912   4.42246
   72   0.69139   7.20438   2.77744
   73   6.69832   5.35052   5.09141
   74   2.01551   3.56488   5.58919
   75   1.03180   3.32376   2.96194
   76   0.05904   5.56868   6.81967
   77   7.53858   4.54612   6.90896
   78   1.12008   5.43279   6.28838
   79   0.17074   2.64253   7.21366
   80   0.89800   4.55378   6.94200
   81   1.74832   6.49651   0.18805
   82   1.83165   7.35701   1.07466
   83   7.63592   6.83825   1.01778
   84   2.01038   0.88486   2.54429
   85   0.06696   7.53230   3.51087
   86   3.22108   4.28571   2.39103
   87   0.21760   6.22171   4.61761
   88   7.22217   6.56444   1.80798
   89   0.67057   4.83736   4.18488
   90   1.28956   2.54633   1.31676
   91   2.60854   7.60535   5.81184
   92   0.48575   7.40851   6.18477
   93   1.49146   1.46095   0.03385
   94   0.59871   0.77455   3.82604
   95   1.81519   5.24910   5.56919
   96   0.08021   6.53563   7.10147
   97   2.70826   3.86249   7.53402
   98   2.79366   4.79336   7.15448
   99   0.60945   5.87388   5.51573
  100   0.91318   6.65463   1.19823
  101   2.82322   7.58101   4.74633
  102   4.58525   0.41313   7.64151
  103   1.51950   6.42744   2.23193
  104   2.07146   3.55792   3.73424
  105   3.43246   0.28346   1.76363
  106   1.50268   1.60296   3.10143
  107   0.64905   5.64178   2.50915
  108   2.87262   6.66713   5.24188
  109   4.29730   0.67004   2.04848
  110   2.25416   1.63283   3.80132
  111   4.12049   7.57510   4.62698
  112   3.39434   0.19922   3.79908
  113   2.26157   0.61164   5.18480
  114   2.47330   0.65213   4.04761
  115   1.18268   5.57581   4.68421
  116   7.42283   0.50109   6.28269
  117   1.24657   0.17388   5.36514
  118   6.10615   7.01485   7.11171
  119   3.24621   0.40179   7.45690
  120   1.69879   0.67696   0.75502
  121   2.21001   1.15653   1.58525
  122   2.14734   2.23894   1.60608
  123   1.45110   1.62277   2.04014
  124   1.24624   4.85879   2.23939
  125   2.97232   2.66124   1.16207
  126   2.23867   2.86676   0.57262
  127   3.30642   1.96113   2.78942
  128   7.52165   4.28918   1.21385
  129   2.18257   4.18190   1.91856
  130   1.64877   2.54729   3.56108
  131   3.32062   1.49110   3.68476
  132   0.99054   1.49744   6.78139
  133   1.26589   2.80565   5.56525
  134   3.56932   1.32753   6.12112
  135   0.69745   0.00716   4.33803
  136   2.59124   1.28555   0.13295
  137   1.11170   2.50875   0.25915
  138   2.26749   2.42794   5.42905
  139   0.58406   2.70822   6.28157
  140   1.91006   1.85899   0.78751
  141   1.14279   2.45823   6.94542
  142   2.32397   3.93614   0.86248
  143   3.17900   3.41405   0.54923
  144   3.12811   3.82067   5.52261
  145   3.92246   4.59053   1.59478
  146   2.95579   6.20076   1.63383
  147   3.91188   2.88596   1.46468
  148   2.93452   4.52982   1.35719
  149   2.12060   3.20370   1.57159
  150   1.50346   4.35528   2.97592
  151   1.55094   2.01115   4.75007
  152   7.33278   4.41946   4.47430
  153   1.92878   0.57312   7.43874
  154   2.51178   2.55259   4.14894
  155   1.57288   4.45262   6.09904
  156   2.48580   3.36452   4.80797
  157   2.70289   3.72993   6.46415
  158   0.69237   1.91999   5.59290
  159   1.74756   3.23133   7.36626
  160   5.82265   3.17050   6.24505
  161   4.48102   3.80579   6.52533
  162   2.23928   4.44204   5.21373
  163   1.98928   3.50321   2.62760
  164   3.79953   3.82316   7.41236
  165   2.59901   4.19597   3.22253
  166   1.87652   4.22547   7.05781
  167   3.00595   7.19494   1.22731
  168   4.33204   5.66434   4.30947
  169   3.15768   3.63322   1.58658
  170   1.95772   5.79187   2.97212
  171   1.56151   2.99640   4.52674
  172   7.54284   6.59387   5.93184
  173   0.35986   3.79125   4.61425
  174   1.29175   3.56246   6.45474
  175   3.15066   3.00297   6.07611
  176   2.07014   2.95975   6.34564
  177   0.91987   3.71768   5.56008
  178   0.94955   4.75699   5.22319
  179   6.96614   6.33141   5.10883
  180   2.33547   6.99720   1.93273
  181   2.61942   6.44597   7.24230
  182   2.88128   1.59667   1.09125
  183   1.45693   5.27914   7.35605
  184   2.71045   6.46927   0.61241
  185   1.03490   0.77604   1.63537
  186   3.72763   7.64769   0.60750
  187   2.74544   5.44334   0.93044
  188   2.21641   6.72851   2.96175
  189   1.98358   6.33817   1.22983
  190   1.32814   6.64280   4.43171
  191   3.99034   6.53966   5.10681
  192   1.15370   6.28482   3.09385
  193   3.30559   4.73498   5.18557
  194   1.75215   6.08587   6.81232
  195   1.31541   3.87223   4.69261
  196   3.88910   5.53875   5.13651
  197   0.06138   5.19874   5.11950
  198   2.65645   4.28873   4.20624
  199   1.56454   6.13166   5.78323
  200   3.48733   6.46895   6.02532
  201   4.26759   7.06608   6.25570
  202   3.15950   7.16988   6.70843
  203   1.70181   7.63233   2.64750
  204   3.74202   1.10423   1.14036
  205   2.79904   0.56114   0.91241
  206   2.75139   2.75827   2.19846
  207   0.70076   2.71793   2.24460
  208   3.25883   5.80967   0.15748
  209   3.78140   7.49068   2.82590
  210   3.58060   6.84437   2.15828
  211   4.18197   0.87444   3.88545
  212   4.23409   1.91720   4.21602
  213   2.84918   5.71119   5.63053
  214   3.40692   6.93336   4.11929
  215   2.54859   1.28053   5.86282
  216   3.28034   0.70453   5.43625
  217   2.65349   2.12647   6.42887
  218   4.29804   0.51222   5.45993
  219   3.99608   1.45625   5.15590
  220   3.55188   7.32332   5.49329
  221   2.78424   0.93142   3.18323
  222   5.74837   1.09494   6.41580
  223   4.55677   1.15376   0.52013
  224   2.99551   1.08865   2.16261
  225   3.89926   2.64890   2.53619
  226   4.44806   5.15426   3.43648
  227   4.25581   3.07643   4.13456
  228   2.39251   1.84889   2.64617
  229   3.71985   0.93276   2.90167
  230   3.28392   2.93091   4.99057
  231   5.00046   1.82100   5.18852
  232   1.75775   0.02285   4.43937
  233   3.19416   2.14358   5.57873
  234   2.54108   1.48798   4.81961
  235   5.06196   2.64614   4.38063
  236   4.05638   2.39587   6.02954
  237   4.03100   7.48493   7.09807
  238   2.03070   1.37892   6.68350
  239   6.41443   2.19360   6.52571
  240   4.79265   5.11121   1.21067
  241   3.73203   2.86548   0.00245
  242   5.34270   3.74354   6.95509
  243   3.46108   1.97516   1.80565
  244   4.59457   4.60301   7.27189
  245   4.34887   2.30338   3.27613
  246   5.73761   4.69618   1.93282
  247   5.08776   2.25686   2.68259
  248   3.33926   2.13714   4.39396
  249   3.13098   3.41514   3.84607
  250   1.55651   2.09539   6.08706
  251   5.41407   2.89368   5.28489
  252   3.61630   3.87215   4.62756
  253   4.01744   3.47462   5.50608
  254   3.09040   5.93129   4.54161
  255   4.81768   2.88914   6.02696
  256   6.30439   5.58538   6.04738
  257   2.77163   2.84942   7.17906
  258   4.38486   4.04025   3.94657
  259   4.11042   0.98064   6.86353
  260   5.93709   3.66520   5.17155
  261   5.26164   5.15774   0.27995
  262   4.19919   7.22503   1.38319
  263   3.15429   6.98233   3.16160
  264   5.33332   6.41708   0.19965
  265   4.17070   4.91418   0.40932
  266   3.68865   6.45852   0.96142
  267   4.85929   6.34365   2.61310
  268   2.32664   5.04060   3.65293
  269   2.94287   6.04191   2.57641
  270   4.63162   7.23273   2.31779
  271   3.20223   3.42491   2.79221
  272   2.68559   6.09211   3.56384
  273   3.55230   4.20369   3.43695
  274   5.07319   3.80825   5.69883
  275   4.20987   4.70135   4.71938
  276   4.85206   5.24267   5.43809
  277   3.57655   4.24204   6.49073
  278   4.16253   4.34935   5.70771
  279   6.91061   6.29085   6.73056
  280   3.76538   3.20155   6.68027
  281   3.26524   4.46562   0.39044
  282   4.76550   5.38608   6.78384
  283   2.26662   0.22799   1.82947
  284   2.78722   0.10486   2.59549
  285   4.34580   5.71804   7.64933
  286   5.70541   1.04858   1.30524
  287   1.80540   5.89632   3.94973
  288   3.42917   4.95568   4.21894
  289   5.17623   7.02832   3.40643
  290   4.44649   6.10115   5.91467
  291   5.09371   5.98323   3.59435
  292   1.93089   7.05117   5.19306
  293   3.33483   5.05234   3.09382
  294   4.47474   6.59168   4.19182
  295   4.84479   0.26544   6.56524
  296   3.91347   5.30554   6.12772
  297   2.82146   4.68232   6.06994
  298   5.12270   7.33056   7.34819
  299   4.29946   6.79856   0.17833
  300   3.88010   6.26798   7.01053
  301   5.62280   0.51256   2.88540
  302   5.79025   0.42242   7.20452
  303   6.18193   1.12572   2.26977
  304   4.64983   1.30936   3.16842
  305   5.66721   1.39209   3.27920
  306   7.01676   1.51900   2.96236
  307   4.65709   0.34399   2.90904
  308   4.79198   0.87962   4.71194
  309   5.54135   6.60966   4.30514
  310   5.12019   0.56320   3.77115
  311   6.65340   0.51628   5.59115
  312   4.30449   2.60122   5.05561
  313   2.55667   5.20901   4.68218
  314   0.67187   6.93469   0.25623
  315   5.45275   2.15402   6.07403
  316   3.43508   0.85368   4.51990
  317   6.74555   1.33521   4.80964
  318   4.51355   3.02892   0.66389
  319   3.70218   0.33166   6.21980
  320   3.00232   1.28300   6.96070
  321   4.70562   1.48002   1.40487
  322   4.60349   2.17094   0.12532
  323   5.45116   1.71964   0.46887
  324   4.92238   3.43632   1.40739
  325   4.73393   2.38118   1.70099
  326   4.97555   3.01226   3.47368
  327   6.11609   2.21001   2.56522
  328   4.29063   1.66896   2.27832
  329   5.17750   1.64313   4.07543
  330   4.76843   3.16628   2.45936
  331   6.28184   1.68177   5.60480
  332   4.09729   3.45102   3.18499
  333   5.88485   2.06063   4.69085
  334   7.41977   1.20662   5.60789
  335   5.33371   3.23039   0.25615
  336   5.74556   1.11002   4.96189
  337   0.73563   0.97431   4.90704
  338   6.39365   3.99296   6.89328
  339   6.24021   5.29762   0.17406
  340   3.68497   1.34761   0.09642
  341   4.16696   4.48597   2.77369
  342   5.99680   7.34570   0.30715
  343   6.44142   4.39051   0.86284
  344   5.04016   7.31711   0.68133
  345   3.96482   3.62915   2.07933
  346   5.33861   5.78822   1.77008
  347   2.50772   2.76775   3.15227
  348   4.67053   6.15185   0.90547
  349   0.14453   3.16550   3.16026
  350   5.16819   4.72101   3.84902
  351   5.36180   5.00325   2.86863
  352   4.32001   6.19257   1.84815
  353   3.54366   2.67739   3.53490
  354   3.58218   5.86552   3.70729
  355   5.62204   2.91427   1.99393
  356   5.32101   4.39607   4.86115
  357   4.75243   3.56124   4.83997
  358   5.85028   6.07321   7.00515
  359   5.70511   5.00693   6.90545
  360   4.44824   5.18434   2.19930
  361   5.42452   4.30491   0.94442
  362   6.87809   1.31163   6.46479
  363   5.88630   5.27827   1.08824
  364   4.66050   0.36282   1.19596
  365   4.13187   6.61070   3.26710
  366   6.24412   6.81630   1.82469
  367   4.34647   7.51417   3.71405
  368   5.67665   7.07316   2.59966
  369   4.97704   4.60725   6.24798
  370   5.74276   7.21376   5.36892
  371   7.21879   4.55148   2.56433
  372   3.88957   5.82914   2.69153
  373   5.33403   5.47271   4.48841
  374   6.89224   5.72486   3.37688
  375   6.94390   4.70294   6.09816
  376   5.30279   6.95271   6.33449
  377   4.82554   6.37497   6.93522
  378   5.37702   5.89075   6.07060
  379   7.10078   7.24540   6.49319
  380   6.78191   0.60125   7.15653
  381   3.79510   5.50119   1.20224
  382   7.14848   1.92042   7.42904
  383   0.90890   0.09445   0.95400
  384   5.51399   0.57344   0.47212
  385   5.78446   5.92403   2.68251
  386   5.27777   0.15857   1.97624
  387   6.65589   7.36024   3.21314
  388   2.35169   7.54859   3.37808
  389   4.97933   4.02645   3.02729
  390   7.65336   6.34773   3.10636
  391   6.51427   6.96126   4.50226
  392   6.30539   5.88373   4.36617
  393   5.93871   4.28772   6.02795
  394   4.70057   1.30616   5.99224
  395   6.09142   0.84941   4.12856
  396   4.67048   7.27430   5.43700
  397   3.32751   6.90326   7.59725
  398   6.10446   7.64842   6.28214
  399   5.24869   6.80637   1.51762
  400   5.12370   7.51624   4.54627
  401   7.33334   1.66427   1.11932
  402   3.89901   2.14243   0.91037
  403   6.39451   1.60688   0.71224
  404   0.87864   0.66649   2.69701
  405   5.22951   1.27467   2.32481
  406   5.97120   2.52017   0.18398
  407   7.42159   0.49086   2.80366
  408   6.30734   2.52379   1.22332
  409   6.52526   0.67551   3.26798
  410   6.66498   6.40175   2.70175
  411   0.74017   7.02075   5.24605
  412   5.28499   0.41832   5.60420
  413   0.72889   6.36057   6.41708
  414   0.27640   1.44385   2.99898
  415   2.44293   6.58897   6.12074
  416   0.17605   7.62373   7.22264
  417   4.75879   4.02552   0.28150
  418   6.69480   1.84634   1.86864
  419   6.06170   1.61870   7.36504
  420   7.35859   1.05640   0.40675
  421   5.82144   4.28612   7.60972
  422   4.86274   4.19959   2.01261
  423   5.38013   2.56045   0.96992
  424   3.59584   2.11895   6.97959
  425   7.52843   3.62181   2.21704
  426   6.42404   6.36307   0.13640
  427   1.26174   3.52567   1.96200
  428   6.61253   4.10275   1.81633
  429   7.31706   2.43125   2.51664
  430   7.01409   3.47920   1.05906
  431   7.08680   0.01680   1.54339
  432   6.58170   4.36228   5.13317
  433   0.10565   1.67597   4.52932
  434   6.53384   1.70447   3.94507
  435   7.14295   2.95806   6.35774
  436   7.34954   3.58594   7.27175
  437   4.61349   1.94511   6.83035
  438   0.37292   3.37527   1.50718
  439   6.26651   3.43456   0.20376
  440   7.19569   2.65104   0.37219
  441   4.00708   3.88676   0.99826
  442   5.96966   0.04707   1.24391
  443   6.89353   6.05479   0.97154
  444   6.96791   5.06742   1.55377
  445   5.93861   4.31496   3.25283
  446   6.41670   5.78131   1.88242
  447   5.70877   3.81548   2.39327
  448   6.64345   3.12777   2.15377
  449   6.93519   3.58352   3.04930
  450   0.68928   5.09266   0.99272
  451   5.49793   3.75594   4.10043
  452   3.24895   5.31310   2.08807
  453   5.90534   3.20666   3.10095
  454   6.50767   2.98714   7.11517
  455   6.93225   3.26868   4.95581
  456   6.21442   2.89239   4.30774
  457   6.86597   4.40322   7.64556
  458   5.92052   6.14635   5.15890
  459   7.21582   2.59061   1.52642
  460   4.64863   3.09244   7.18286
  461   6.32712   4.98582   2.61921
  462   0.32073   4.78290   1.95272
  463   5.90974   6.30020   1.02655
  464   6.64405   0.38847   0.41943
  465   6.65162   7.04195   0.96495
  466   2.28356   4.88906   2.61657
  467   1.29774   5.68808   1.59418
  468   5.99304   5.40817   3.56629
  469   7.57684   4.15533   5.43277
  470   0.11298   0.16789   5.35186
  471   7.55480   7.19814   4.58718
  472   6.45354   3.86236   4.03818
  473   7.34595   3.23576   4.05047
  474   0.53175   5.75214   3.82017
  475   6.77526   3.64477   5.93982
  476   7.37770   5.69075   5.96657
  477   6.25760   6.66788   5.97903
  478   5.82425   5.03182   5.35124
  479   0.05190   5.14049   3.20127
  480   7.02418   7.07832   7.65856
  481   7.65985   0.07176   0.56339
  482   1.04841   7.03774   7.05470
  483   1.20874   7.35143   1.86851
  484   6.38150   0.16940   2.33904
  485   7.26310   5.65654   2.44878
  486   5.66534   1.92910   1.67648
  487   6.88441   4.71627   3.52447
  488   5.78442   2.36072   3.59751
  489   7.19302   6.54007   4.04495
  490   1.02686   0.43769   6.85551
  491   5.89250   7.47709   3.85071
  492   6.09919   0.15295   4.87749
  493   6.05508   6.48757   3.52035
  494   6.83509   0.12063   4.13211
  495   2.09996   6.10345   4.95049
  496   6.87468   7.29233   5.34708
  497   0.89910   6.09294   7.41022
  498   6.97465   2.30772   4.58559
  499   2.32440   5.59304   7.57315
  500   5.07123   1.26575   7.26697
