  1.00E-11          EPS
   80  120          NS   NRG
 0.001            DFACT
    1               ILIST          0
    1               NDATA
    1               NSTP(1)
    0               IFILE
    0               IBOUND
    1  2000          NSTEP   NP
   1.0 1.0 1.0     BOXLX   BOXLY   BOXLZ
 1 0.353336 0.840485 0.396465 
 2 0.886428 0.318693 0.446583 
 3 0.159369 0.58409 0.0155828 
 4 0.0588589 0.691004 0.383716 
 5 0.159072 0.163546 0.899854 
 6 0.582699 0.604144 0.533065 
 7 0.293401 0.390478 0.269971 
 8 0.0755381 0.298526 0.742377 
 9 0.941968 0.857378 0.404983 
 10 0.00275508 0.846476 0.662831 
 11 0.787877 0.532596 0.462379 
 12 0.306785 0.982752 0.265612 
 13 0.212439 0.608716 0.600855 
 14 0.15186 0.304657 0.885895 
 15 0.64361 0.387477 0.337662 
 16 0.531628 0.603616 0.753553 
 17 0.327181 0.652488 0.45936 
 18 0.94389 0.36804 0.94637 
 19 0.272771 0.5166 0.00742826 
 20 0.204964 0.591955 0.0242992 
 21 0.260843 0.0593687 0.877693 
 22 0.498198 0.891495 0.302829 
 23 0.864924 0.286414 0.710026 
 24 0.959636 0.45849 0.675541 
 25 0.228639 0.376551 0.774675 
 26 0.669766 0.300318 0.354534 
 27 0.824465 0.565955 0.718967 
 28 0.844008 0.818766 0.390612 
 29 0.424887 0.943396 0.180468 
 30 0.913508 0.0656438 0.520666 
 31 0.398923 0.761364 0.882585 
 32 0.405009 0.761548 0.688257 
 33 0.222463 0.484634 0.125251 
 34 0.00141396 0.528822 0.873121 
 35 0.814892 0.0186974 0.860514 
 36 0.965733 0.314572 0.242884 
 37 0.492109 0.809432 0.93556 
 38 0.289029 0.576354 0.220136 
 39 0.173988 0.261323 0.321067 
 40 0.241175 0.0447841 0.0018173 
 41 0.221846 0.701625 0.415451 
 42 0.393063 0.0670302 0.50391 
 43 0.219511 0.218142 0.479477 
 44 0.192694 0.350222 0.916203 
 45 0.0535654 0.633682 0.211235 
 46 0.444097 0.0306739 0.783411 
 47 0.909648 0.93218 0.176413 
 48 0.695567 0.871695 0.472845 
 49 0.398567 0.455091 0.93019 
 50 0.838734 0.693547 0.893304 
 51 0.678154 0.65127 0.739699 
 52 0.935388 0.273118 0.577212 
 53 0.373038 0.0474125 0.661939 
 54 0.377306 0.148628 0.618195 
 55 0.841381 0.0256878 0.644591 
 56 0.255986 0.742634 0.0770188 
 57 0.31953 0.377648 0.901844 
 58 0.251315 0.648532 0.211435 
 59 0.943221 0.250922 0.228644 
 60 0.548707 0.270061 0.136715 
 61 0.296703 0.86508 0.324021 
 62 0.876308 0.833147 0.680059 
 63 0.898547 0.0731155 0.649665 
 64 0.84189 0.611319 0.253581 
 65 0.757048 0.372587 0.832019 
 66 0.559329 0.850812 0.109215 
 67 0.69177 0.343097 0.85758 
 68 0.958708 0.893585 0.345197 
 69 0.0550248 0.981544 0.121735 
 70 0.376473 0.0381267 0.614776 
 71 0.560538 0.281924 0.525605 
 72 0.446535 0.81644 0.607243 
 73 0.284898 0.471854 0.0271117 
 74 0.0175794 0.19568 0.292724 
 75 0.104781 0.573165 0.829599 
 76 0.223888 0.119098 0.732976 
 77 0.821357 0.739052 0.947253 
 78 0.256496 0.25098 0.826132 
 79 0.527318 0.388222 0.338193 
 80 0.870895 0.401221 0.266409 
 81 0.394247 0.294574 0.0458918 
 82 0.822577 0.310821 0.560002 
 83 0.262401 0.0911436 0.475481 
 84 0.332093 0.978436 0.917044 
 85 0.373164 0.240635 0.902074 
 86 0.900628 0.457827 0.752286 
 87 0.970462 0.565923 0.422895 
 88 0.179091 0.431507 0.353871 
 89 0.454368 0.337177 0.215319 
 90 0.0621491 0.683882 0.0447257 
 91 0.268218 0.316171 0.551375 
 92 0.964827 0.062537 0.500766 
 93 0.151974 0.806316 0.729576 
 94 0.842566 0.729957 0.705018 
 95 0.479388 0.955448 0.617929 
 96 0.607612 0.0293866 0.527085 
 97 0.402647 0.59277 0.0475694 
 98 0.310837 0.330131 0.904394 
 99 0.0986265 0.73415 0.854945 
 100 0.985167 0.401739 0.340459 
 101 0.43712 0.831962 0.629595 
 102 0.135135 0.0594619 0.791227 
 103 0.884899 0.930452 0.543824 
 104 0.856863 0.414558 0.389895 
 105 0.576676 0.107757 0.286759 
 106 0.808677 0.142251 0.777602 
 107 0.475116 0.410025 0.748094 
 108 0.0236477 0.416799 0.34446 
 109 0.236023 0.717892 0.525811 
 110 0.76275 0.779951 0.694865 
 111 0.928251 0.370518 0.121563 
 112 0.983661 0.28958 0.766006 
 113 0.598326 0.0378131 0.428107 
 114 0.130679 0.756724 0.0155956 
 115 0.577797 0.217496 0.374567 
 116 0.748369 0.787021 0.205663 
 117 0.85022 0.285268 0.455336 
 118 0.430246 0.835012 0.450008 
 119 0.248873 0.950872 0.330996 
 120 0.497053 0.417871 0.356794 
 121 0.6855 0.563165 0.885293 
 122 0.567805 0.182369 0.967759 
 123 0.157765 0.203962 0.0296646 
 124 0.211287 0.203991 0.547594 
 125 0.901522 0.193097 0.067294 
 126 0.422008 0.30259 0.782049 
 127 0.387472 0.797121 0.989525 
 128 0.737383 0.224731 0.18194 
 129 0.201831 0.664736 0.533507 
 130 0.0974638 0.566497 0.468824 
 131 0.563884 0.0173117 0.277024 
 132 0.0620209 0.0701901 0.88694 
 133 0.89664 0.307065 0.253307 
 134 0.429455 0.94771 0.134073 
 135 0.44367 0.783667 0.0781264 
 136 0.189821 0.701886 0.421182 
 137 0.657928 0.248059 0.12622 
 138 0.822514 0.322776 0.137505 
 139 0.376353 0.923707 0.013841 
 140 0.413709 0.261373 0.582069 
 141 0.171328 0.753721 0.687697 
 142 0.292758 0.15899 0.129204 
 143 0.688424 0.278877 0.857593 
 144 0.0486143 0.814977 0.83889 
 145 0.749826 0.430979 0.0729422 
 146 0.102516 0.412267 0.151954 
 147 0.73491 0.641786 0.761123 
 148 0.732324 0.0998819 0.547414 
 149 0.2865 0.519475 0.52883 
 150 0.494295 0.426137 0.94732 
 151 0.811368 0.258223 0.702475 
 152 0.107099 0.00112771 0.880436 
 153 0.361123 0.983986 0.273252 
 154 0.289413 0.855262 0.816799 
 155 0.0637855 0.00875904 0.999486 
 156 0.301556 0.683162 0.967694 
 157 0.649014 0.923585 0.725423 
 158 0.976677 0.536122 0.915768 
 159 0.581879 0.418559 0.233476 
 160 0.901052 0.20017 0.780298 
 161 0.764864 0.928666 0.129137 
 162 0.0120882 0.556377 0.479741 
 163 0.728552 0.377665 0.383736 
 164 0.589766 0.677556 0.543807 
 165 0.298733 0.107827 0.282764 
 166 0.437309 0.905013 0.528771 
 167 0.519998 0.232344 0.951172 
 168 0.979256 0.188277 0.616537 
 169 0.539533 0.160059 0.503197 
 170 0.330188 0.249064 0.192562 
 171 0.211723 0.622583 0.150881 
 172 0.213676 0.622012 0.943823 
 173 0.441184 0.842723 0.473675 
 174 0.674266 0.920418 0.119022 
 175 0.709523 0.780024 0.164721 
 176 0.215191 0.776733 0.18482 
 177 0.960615 0.662861 0.254506 
 178 0.797347 0.808005 0.942083 
 179 0.664521 0.699889 0.986451 
 180 0.155395 0.689696 0.117867 
 181 0.411565 0.451219 0.327687 
 182 0.824898 0.846274 0.507467 
 183 0.140441 0.691978 0.568791 
 184 0.20755 0.701252 0.847326 
 185 0.844976 0.439221 0.0669533 
 186 0.537427 0.339061 0.301014 
 187 0.181444 0.878691 0.0329271 
 188 0.445014 0.72752 0.964765 
 189 0.331074 0.49539 0.799276 
 190 0.448911 0.737218 0.153593 
 191 0.941504 0.618333 0.350289 
 192 0.0448032 0.758674 0.137884 
 193 0.00990359 0.657517 0.586638 
 194 0.844593 0.336267 0.966803 
 195 0.8523 0.0123519 0.611781 
 196 0.670445 0.234461 0.511202 
 197 0.76044 0.0602741 0.802138 
 198 0.361776 0.924027 0.618569 
 199 0.556151 0.325599 0.203505 
 200 0.0303669 0.94813 0.874418 
 201 0.661961 0.766816 0.405383 
 202 0.569046 0.794053 0.868516 
 203 0.573114 0.575568 0.58708 
 204 0.419331 0.7491 0.280716 
 205 0.168272 0.00111404 0.801361 
 206 0.922168 0.964634 0.537376 
 207 0.326097 0.79353 0.0981297 
 208 0.379912 0.0426217 0.84324 
 209 0.152887 0.400849 0.166723 
 210 0.644941 0.480203 0.327416 
 211 0.742842 0.637737 0.123787 
 212 0.0947625 0.895116 0.890233 
 213 0.0132516 0.396302 0.879013 
 214 0.118753 0.506976 0.773602 
 215 0.07679 0.553739 0.0791734 
 216 0.41119 0.154755 0.776958 
 217 0.630572 0.818182 0.0286889 
 218 0.555519 0.611236 0.156373 
 219 0.337057 0.483415 0.887865 
 220 0.477215 0.0805701 0.115914 
 221 0.689416 0.668024 0.130999 
 222 0.286966 0.280439 0.00186024 
 223 0.14759 0.973539 0.781115 
 224 0.349256 0.46672 0.348749 
 225 0.172739 0.391834 0.894516 
 226 0.312669 0.926752 0.576338 
 227 0.432815 0.224416 0.497947 
 228 0.92952 0.562607 0.717982 
 229 0.502711 0.396091 0.914212 
 230 0.61555 0.421923 0.627847 
 231 0.876882 0.244126 0.710707 
 232 0.566283 0.36988 0.250477 
 233 0.0192681 0.271997 0.217864 
 234 0.654157 0.632939 0.41508 
 235 0.060628 0.475689 0.269817 
 236 0.259858 0.273791 0.205744 
 237 0.234694 0.757662 0.842878 
 238 0.775468 0.550568 0.714819 
 239 0.838478 0.481654 0.693666 
 240 0.865183 0.803228 0.110598 
 241 0.516156 0.79957 0.80343 
 242 0.631462 0.877791 0.234027 
 243 0.280004 0.988361 0.995121 
 244 0.969674 0.459604 0.459426 
 245 0.705702 0.776546 0.531614 
 246 0.0203834 0.431918 0.437826 
 247 0.130567 0.592893 0.190044 
 248 0.30005 0.592684 0.0400343 
 249 0.34995 0.546083 0.856824 
 250 0.574624 0.331749 0.803461 
 251 0.614279 0.0483878 0.664677 
 252 0.919066 0.798706 0.704508 
 253 0.075013 0.160498 0.900113 
 254 0.968303 0.717828 0.533332 
 255 0.742052 0.394094 0.461421 
 256 0.0039688 0.0746642 0.970176 
 257 0.586054 0.997209 0.589347 
 258 0.577772 0.0773506 0.714503 
 259 0.438435 0.458052 0.684452 
 260 0.341643 0.268373 0.757113 
 261 0.409461 0.443388 0.3905 
 262 0.97802 0.112673 0.251855 
 263 0.463562 0.902341 0.820092 
 264 0.566043 0.237508 0.666881 
 265 0.927616 0.882386 0.953803 
 266 0.149935 0.360088 0.878197 
 267 0.590406 0.0200651 0.238711 
 268 0.633969 0.577121 0.725585 
 269 0.314658 0.431371 0.703291 
 270 0.581885 0.399408 0.455114 
 271 0.971498 0.743083 0.406285 
 272 0.664506 0.0333464 0.367835 
 273 0.483788 0.982178 0.576755 
 274 0.520502 0.820093 0.217734 
 275 0.371842 0.640343 0.0300533 
 276 0.431669 0.514803 0.463787 
 277 0.154435 0.57814 0.631497 
 278 0.828036 0.0608206 0.726635 
 279 0.593408 0.235709 0.123973 
 280 0.921588 0.400651 0.397863 
 281 0.176973 0.917874 0.660621 
 282 0.277141 0.610359 0.00918329 
 283 0.218579 0.455543 0.669975 
 284 0.164903 0.0675788 0.0256868 
 285 0.584299 0.884078 0.264842 
 286 0.620533 0.751784 0.686116 
 287 0.861573 0.930932 0.519206 
 288 0.298352 0.89416 0.867738 
 289 0.728229 0.944409 0.555788 
 290 0.546245 0.312138 0.069346 
 291 0.654062 0.775256 0.506315 
 292 0.560339 0.610952 0.168717 
 293 0.79365 0.227617 0.247143 
 294 0.224993 0.617613 0.112856 
 295 0.279107 0.17943 0.506919 
 296 0.793987 0.644081 0.656781 
 297 0.938332 0.128037 0.848401 
 298 0.80192 0.781735 0.326204 
 299 0.690743 0.106279 0.655375 
 300 0.424934 0.92865 0.594944 
 301 0.989192 0.694314 0.899825 
 302 0.0301292 0.411612 0.992361 
 303 0.758975 0.710585 0.943027 
 304 0.754092 0.66041 0.318025 
 305 0.729068 0.494306 0.173774 
 306 0.609284 0.00534743 0.238123 
 307 0.614943 0.0976736 0.456686 
 308 0.50872 0.208434 0.104462 
 309 0.258443 0.470136 0.873166 
 310 0.422241 0.54166 0.202764 
 311 0.951244 0.19334 0.0981607 
 312 0.726285 0.260888 0.326915 
 313 0.125142 0.779732 0.548345 
 314 0.171297 0.699704 0.0523866 
 315 0.0799887 0.910375 0.487379 
 316 0.299481 0.538009 0.164529 
 317 0.0273993 0.210203 0.554226 
 318 0.240009 0.571208 0.253996 
 319 0.147487 0.338105 0.117743 
 320 0.528987 0.632595 0.220519 
 321 0.0416644 0.312149 0.814882 
 322 0.455588 0.776149 0.0117818 
 323 0.640369 0.273892 0.660762 
 324 0.251597 0.765012 0.570786 
 325 0.870398 0.48266 0.746583 
 326 0.731087 0.314292 0.282683 
 327 0.643675 0.279303 0.550148 
 328 0.0205478 0.237334 0.643953 
 329 0.395495 0.280093 0.816145 
 330 0.928713 0.884452 0.329903 
 331 0.286481 0.345172 0.7902 
 332 0.194525 0.894628 0.893544 
 333 0.442896 0.919624 0.141865 
 334 0.229824 0.497198 0.389521 
 335 0.353989 0.752562 0.990528 
 336 0.970885 0.939943 0.134171 
 337 0.680794 0.230671 0.151455 
 338 0.520005 0.0699987 0.0614678 
 339 0.184992 0.431015 0.324538 
 340 0.503265 0.476724 0.262439 
 341 0.789324 0.0831097 0.826685 
 342 0.917027 0.0111517 0.383444 
 343 0.0978937 0.94873 0.822457 
 344 0.44664 0.376342 0.628528 
 345 0.739954 0.0581996 0.828647 
 346 0.375656 0.114171 0.893387 
 347 0.694141 0.67543 0.755318 
 348 0.0438599 0.681422 0.746879 
 349 0.228391 0.773553 0.511001 
 350 0.00808088 0.0509405 0.0681597 
 351 0.331443 0.888794 0.942853 
 352 0.223349 0.184566 0.186491 
 353 0.0206452 0.0125226 0.800637 
 354 0.245888 0.38257 0.375463 
 355 0.80627 0.94715 0.458656 
 356 0.931357 0.977896 0.137537 
 357 0.437131 0.572051 0.32503 
 358 0.544773 0.923597 0.371695 
 359 0.161151 0.719454 0.227718 
 360 0.934453 0.297267 0.257582 
 361 0.138049 0.366259 0.271332 
 362 0.974074 0.979411 0.196541 
 363 0.471682 0.390032 0.466172 
 364 0.755857 0.51571 0.325781 
 365 0.242712 0.814646 0.911733 
 366 0.639087 0.0193169 0.878354 
 367 0.26493 0.478516 0.337058 
 368 0.956986 0.538055 0.0171566 
 369 0.0583976 0.334333 0.769874 
 370 0.526352 0.698774 0.792559 
 371 0.778388 0.420371 0.859498 
 372 0.144161 0.461375 0.713236 
 373 0.987438 0.94797 0.140528 
 374 0.533791 0.363519 0.675065 
 375 0.849438 0.622431 0.266908 
 376 0.417574 0.276793 0.823783 
 377 0.685779 0.636988 0.325234 
 378 0.313796 0.674538 0.847397 
 379 0.701581 0.370201 0.151864 
 380 0.330211 0.664818 0.162825 
 381 0.157599 0.310275 0.0852792 
 382 0.205008 0.314472 0.870338 
 383 0.996847 0.945227 0.834709 
 384 0.179936 0.880385 0.728041 
 385 0.0687305 0.739099 0.624889 
 386 0.216406 0.760698 0.115567 
 387 0.0946849 0.484427 0.157966 
 388 0.806916 0.121345 0.925439 
 389 0.260756 0.820376 0.945699 
 390 0.436068 0.335163 0.684142 
 391 0.696412 0.448733 0.0313625 
 392 0.246335 0.145792 0.182209 
 393 0.84646 0.283932 0.811875 
 394 0.719168 0.522419 0.457696 
 395 0.770587 0.582194 0.459726 
 396 0.125142 0.754181 0.743032 
 397 0.698742 0.839238 0.346252 
 398 0.339772 0.35111 0.640762 
 399 0.517341 0.248416 0.889092 
 400 0.67049 0.820956 0.663857 
 401 0.926607 0.568616 0.563723 
 402 0.915157 0.285545 0.0354424 
 403 0.917146 0.389162 0.6508 
 404 0.492534 0.0710474 0.939249 
 405 0.615103 0.594927 0.920218 
 406 0.197825 0.00754476 0.124244 
 407 0.259373 0.717318 0.198834 
 408 0.838244 0.707011 0.83352 
 409 0.727281 0.0814356 0.304813 
 410 0.819135 0.978408 0.261868 
 411 0.705364 0.337431 0.0865923 
 412 0.00551574 0.245273 0.762835 
 413 0.395921 0.0313648 0.278994 
 414 0.221524 0.159937 0.37735 
 415 0.0160909 0.782496 0.0641768 
 416 0.824811 0.691614 0.0976609 
 417 0.625676 0.137663 0.830442 
 418 0.467318 0.504696 0.346481 
 419 0.781583 0.513602 0.879261 
 420 0.122233 0.137762 0.546881 
 421 0.67187 0.754815 0.377831 
 422 0.416898 0.171064 0.93994 
 423 0.903371 0.594014 0.900954 
 424 0.483739 0.388396 0.0428312 
 425 0.533889 0.510982 0.266397 
 426 0.654974 0.109738 0.111065 
 427 0.386849 0.413047 0.358617 
 428 0.352349 0.710727 0.388618 
 429 0.30708 0.909232 0.91909 
 430 0.16036 0.0458402 0.531533 
 431 0.241524 0.685974 0.0824122 
 432 0.962724 0.851511 0.145405 
 433 0.769633 0.661678 0.15209 
 434 0.883226 0.644961 0.183062 
 435 0.117079 0.229707 0.170043 
 436 0.101539 0.187393 0.0397591 
 437 0.966816 0.312618 0.782731 
 438 0.357502 0.111899 0.4853 
 439 0.234549 0.242222 0.98944 
 440 0.475254 0.0969365 0.443519 
 441 0.605362 0.710618 0.518324 
 442 0.149914 0.796414 0.697729 
 443 0.826934 0.57582 0.599481 
 444 0.16418 0.18397 0.526551 
 445 0.431182 0.0312092 0.541138 
 446 0.168056 0.849396 0.0370548 
 447 0.163555 0.16629 0.753677 
 448 0.384541 0.893629 0.483791 
 449 0.0638889 0.699619 0.132497 
 450 0.626611 0.223123 0.258403 
 451 0.888301 0.784721 0.603241 
 452 0.507139 0.880996 0.691511 
 453 0.865998 0.756845 0.9015 
 454 0.234104 0.587784 0.0628411 
 455 0.803806 0.335778 0.47838 
 456 0.977548 0.48784 0.825159 
 457 0.681908 0.914195 0.604594 
 458 0.0148439 0.149685 0.11616 
 459 0.941054 0.302446 0.376837 
 460 0.730761 0.110732 0.365428 
 461 0.774692 0.885054 0.423878 
 462 0.146509 0.120312 0.242498 
 463 0.185948 0.695826 0.187743 
 464 0.721895 0.592824 0.69561 
 465 0.084887 0.123747 0.786526 
 466 0.469307 0.274876 0.335805 
 467 0.419264 0.120116 0.122231 
 468 0.930028 0.015603 0.238588 
 469 0.336511 0.067389 0.0866951 
 470 0.526112 0.838754 0.104131 
 471 0.951885 0.71446 0.189957 
 472 0.307282 0.1139 0.0548376 
 473 0.307636 0.51712 0.855447 
 474 0.414339 0.894213 0.114543 
 475 0.500282 0.739143 0.966833 
 476 0.609549 0.679764 0.70424 
 477 0.286525 0.231277 0.213772 
 478 0.581609 0.761384 0.975708 
 479 0.404398 0.184527 0.942589 
 480 0.375546 0.685227 0.316818 
 481 0.854412 0.878048 0.648356 
 482 0.362143 0.88924 0.412839 
 483 0.707152 0.795089 0.750295 
 484 0.830459 0.851668 0.995217 
 485 0.411863 0.624103 0.938193 
 486 0.335112 0.816468 0.535025 
 487 0.916966 0.412599 0.880946 
 488 0.539804 0.169895 0.331033 
 489 0.520741 0.155372 0.21089 
 490 0.967223 0.710011 0.643917 
 491 0.196521 0.193529 0.626556 
 492 0.885455 0.560108 0.826192 
 493 0.126312 0.345493 0.758122 
 494 0.879264 0.951567 0.40809 
 495 0.656417 0.48462 0.0109134 
 496 0.0831383 0.81885 0.909538 
 497 0.996234 0.0370018 0.137393 
 498 0.0212291 0.669548 0.348961 
 499 0.784782 0.432577 0.128846 
 500 0.510118 0.0795012 0.489416 
 501 0.44184 0.0827307 0.838364 
 502 0.0463604 0.0656762 0.118505 
 503 0.575871 0.541271 0.377318 
 504 0.611107 0.796865 0.219303 
 505 0.233444 0.43446 0.112396 
 506 0.905878 0.780257 0.559555 
 507 0.00438665 0.701769 0.51424 
 508 0.944334 0.322275 0.930892 
 509 0.980823 0.358973 0.528828 
 510 0.730296 0.406756 0.636726 
 511 0.359125 0.832895 0.79718 
 512 0.909858 0.265244 0.735232 
 513 0.502439 0.926426 0.115407 
 514 0.178849 0.992108 0.917013 
 515 0.940308 0.355769 0.84209 
 516 0.0570367 0.327019 0.756778 
 517 0.46669 0.542395 0.107183 
 518 0.806258 0.941459 0.818085 
 519 0.439963 0.754533 0.49432 
 520 0.332944 0.161101 0.168989 
 521 0.95404 0.195081 0.0213716 
 522 0.468526 0.0410697 0.5802 
 523 0.27338 0.46394 0.347093 
 524 0.240671 0.0706526 0.386417 
 525 0.393382 0.146632 0.00788229 
 526 0.140919 0.286865 0.152311 
 527 0.381037 0.0860096 0.487556 
 528 0.204982 0.232038 0.852243 
 529 0.386774 0.318117 0.818486 
 530 0.698187 0.183621 0.50908 
 531 0.852751 0.333066 0.242961 
 532 0.868674 0.361157 0.678756 
 533 0.305494 0.578872 0.773374 
 534 0.577519 0.0957998 0.474753 
 535 0.776844 0.280169 0.769353 
 536 0.989047 0.772708 0.460157 
 537 0.753388 0.452169 0.372993 
 538 0.84871 0.879347 0.860663 
 539 0.233934 0.190589 0.136566 
 540 0.78994 0.0645137 0.31299 
 541 0.321138 0.461645 0.655679 
 542 0.0155326 0.307805 0.610851 
 543 0.44394 0.8543 0.465066 
 544 0.317278 0.866225 0.711939 
 545 0.752366 0.95999 0.597395 
 546 0.00110685 0.988459 0.977179 
 547 0.951967 0.599485 0.745196 
 548 0.608665 0.385297 0.00215843 
 549 0.198536 0.967872 0.207668 
 550 0.783764 0.417111 0.340423 
 551 0.978939 0.745424 0.284998 
 552 0.430438 0.758562 0.77999 
 553 0.628189 0.394067 0.0239955 
 554 0.276165 0.274756 0.783217 
 555 0.850937 0.653462 0.590925 
 556 0.366099 0.354942 0.259976 
 557 0.385014 0.265937 0.333248 
 558 0.428534 0.866945 0.577106 
 559 0.800955 0.889553 0.672331 
 560 0.11221 0.288014 0.577663 
 561 0.0511533 0.953462 0.149949 
 562 0.508189 0.946891 0.339239 
 563 0.561626 0.572446 0.796368 
 564 0.702687 0.085037 0.926578 
 565 0.09355 0.172532 0.114283 
 566 0.805236 0.856285 0.260863 
 567 0.550054 0.278187 0.109536 
 568 0.837795 0.0545284 0.877864 
 569 0.663403 0.0785346 0.503018 
 570 0.053339 0.631968 0.823282 
 571 0.208321 0.983351 0.0249685 
 572 0.634701 0.71504 0.987923 
 573 0.527196 0.455746 0.2995 
 574 0.971881 0.240662 0.157736 
 575 0.186876 0.332218 0.0742055 
 576 0.583949 0.245114 0.340729 
 577 0.562366 0.739769 0.178972 
 578 0.0402666 0.555352 0.330845 
 579 0.633804 0.929933 0.996736 
 580 0.728922 0.324669 0.39647 
 581 0.915655 0.919358 0.626707 
 582 0.83738 0.822885 0.551057 
 583 0.331021 0.614099 0.132306 
 584 0.568831 0.731769 0.998305 
 585 0.646139 0.712318 0.622088 
 586 0.621739 0.799235 0.594847 
 587 0.858315 0.508054 0.866719 
 588 0.702068 0.390753 0.617355 
 589 0.0409881 0.431493 0.154579 
 590 0.815113 0.162563 0.692139 
 591 0.28688 0.673522 0.622688 
 592 0.105128 0.227282 0.55766 
 593 0.367413 0.706957 0.659461 
 594 0.380657 0.329851 0.0332197 
 595 0.133792 0.968985 0.0787538 
 596 0.308574 0.646684 0.484601 
 597 0.410851 0.436821 0.503888 
 598 0.873996 0.0850521 0.855993 
 599 0.835501 0.190041 0.321241 
 600 0.758673 0.921988 0.0410697 
 601 0.0333639 0.65099 0.25785 
 602 0.982358 0.0194019 0.431121 
 603 0.818942 0.173397 0.100952 
 604 0.811025 0.44965 0.656059 
 605 0.187899 0.211158 0.35041 
 606 0.364558 0.340979 0.918918 
 607 0.219706 0.537957 0.376422 
 608 0.107328 0.130975 0.782902 
 609 0.348502 0.679263 0.148526 
 610 0.447324 0.143608 0.0578985 
 611 0.383696 0.412496 0.712073 
 612 0.351921 0.97667 0.503583 
 613 0.402894 0.180831 0.672922 
 614 0.826674 0.35673 0.539824 
 615 0.817054 0.454488 0.67993 
 616 0.591195 0.0564595 0.647548 
 617 0.425781 0.505789 0.361121 
 618 0.0443763 0.809445 0.105862 
 619 0.15338 0.840293 0.239398 
 620 0.163638 0.755018 0.666552 
 621 0.86678 0.0364059 0.139543 
 622 0.658436 0.72432 0.28598 
 623 0.781387 0.641613 0.677153 
 624 0.235251 0.813967 0.521227 
 625 0.988359 0.800584 0.82171 
 626 0.774182 0.460017 0.0185847 
 627 0.923435 0.0822768 0.348899 
 628 0.765365 0.185931 0.732224 
 629 0.553416 0.121309 0.614326 
 630 0.0422479 0.00580329 0.396379 
 631 0.438564 0.875189 0.431546 
 632 0.409283 0.383683 0.662719 
 633 0.950213 0.994168 0.503379 
 634 0.726369 0.01463 0.550864 
 635 0.31475 0.000812302 0.657451 
 636 0.101441 0.842595 0.58548 
 637 0.0498742 0.670662 0.0833878 
 638 0.884589 0.572894 0.32221 
 639 0.44564 0.531819 0.535463 
 640 0.267566 0.129749 0.374047 
 641 0.998366 0.573788 0.169291 
 642 0.25076 0.332029 0.270636 
 643 0.697734 0.106369 0.574524 
 644 0.974951 0.414179 0.893392 
 645 0.965118 0.914069 0.335998 
 646 0.729978 0.566738 0.723998 
 647 0.665114 0.374636 0.206983 
 648 0.0819893 0.980502 0.671875 
 649 0.20284 0.420778 0.518766 
 650 0.884235 0.53339 0.675066 
 651 0.689948 0.706223 0.387246 
 652 0.123607 0.227307 0.956639 
 653 0.95062 0.838358 0.490921 
 654 0.657543 0.645765 0.2387 
 655 0.367002 0.963565 0.628151 
 656 0.347378 0.281584 0.203847 
 657 0.0524767 0.0675523 0.53614 
 658 0.319444 0.28904 0.148665 
 659 0.627688 0.578562 0.677906 
 660 0.871815 0.304641 0.770134 
 661 0.217884 0.53224 0.931956 
 662 0.060176 0.991319 0.0576513 
 663 0.751403 0.173806 0.264558 
 664 0.296566 0.721546 0.561329 
 665 0.655628 0.925604 0.0502063 
 666 0.390062 0.459007 0.640756 
 667 0.0261055 0.749977 0.70694 
 668 0.473553 0.917333 0.589363 
 669 0.138043 0.504578 0.408977 
 670 0.94163 0.0612724 0.177499 
 671 0.882801 0.0181742 0.559581 
 672 0.315297 0.586037 0.390979 
 673 0.154254 0.552469 0.938747 
 674 0.0795281 0.482396 0.182708 
 675 0.875516 0.838087 0.407107 
 676 0.035044 0.553925 0.596749 
 677 0.677668 0.181438 0.971946 
 678 0.946 0.821085 0.101313 
 679 0.944803 0.274628 0.0185966 
 680 0.693319 0.921817 0.302333 
 681 0.678307 0.885964 0.0582356 
 682 0.936158 0.634204 0.202333 
 683 0.673269 0.39861 0.116031 
 684 0.274415 0.16285 0.403974 
 685 0.0625876 0.944314 0.0352022 
 686 0.756885 0.639776 0.775861 
 687 0.260069 0.319687 0.289358 
 688 0.188085 0.985839 0.507006 
 689 0.414361 0.0781257 0.842994 
 690 0.997274 0.71059 0.0234514 
 691 0.36107 0.787464 0.124464 
 692 0.337407 0.428985 0.111553 
 693 0.167985 0.572907 0.21802 
 694 0.770136 0.71504 0.653564 
 695 0.775145 0.0616574 0.404276 
 696 0.0112725 0.617284 0.407416 
 697 0.578219 0.109104 0.601125 
 698 0.388449 0.864724 0.9631 
 699 0.826903 0.213523 0.536583 
 700 0.443902 0.71681 0.476028 
 701 0.708231 0.80055 0.67477 
 702 0.0544379 0.787238 0.96394 
 703 0.683478 0.95444 0.878659 
 704 0.0758292 0.901921 0.978837 
 705 0.265867 0.75289 0.836287 
 706 0.171209 0.195251 0.0569596 
 707 0.33872 0.916459 0.826318 
 708 0.289428 0.153532 0.408037 
 709 0.343853 0.878854 0.414164 
 710 0.56808 0.016255 0.569386 
 711 0.552329 0.753419 0.856046 
 712 0.662607 0.698324 0.758369 
 713 0.310404 0.702095 0.444904 
 714 0.763487 0.288006 0.655556 
 715 0.203797 0.756608 0.830169 
 716 0.86896 0.135077 0.541073 
 717 0.335726 0.580394 0.611958 
 718 0.398119 0.228233 0.163927 
 719 0.730396 0.949289 0.957585 
 720 0.080626 0.264464 0.567866 
 721 0.394691 0.738101 0.377621 
 722 0.351886 0.22903 0.939395 
 723 0.0931919 0.950127 0.742144 
 724 0.727271 0.316241 0.971149 
 725 0.358045 0.944187 0.145091 
 726 0.429744 0.290931 0.05112 
 727 0.942854 0.683885 0.926982 
 728 0.403832 0.360841 0.755087 
 729 0.760252 0.755759 0.311876 
 730 0.153256 0.643045 0.800655 
 731 0.834981 0.222703 0.970409 
 732 0.570736 0.893276 0.471632 
 733 0.531804 0.288489 0.517668 
 734 0.338997 0.146976 0.308569 
 735 0.829165 0.413964 0.565853 
 736 0.969744 0.81281 0.738327 
 737 0.912549 0.218407 0.0591798 
 738 0.16531 0.0664539 0.532184 
 739 0.0629556 0.288911 0.477943 
 740 0.699903 0.703084 0.535413 
 741 0.659466 0.578887 0.0102678 
 742 0.131108 0.0235403 0.811554 
 743 0.746361 0.64457 0.826411 
 744 0.0216723 0.589926 0.984496 
 745 0.751071 0.229338 0.826206 
 746 0.172029 0.437527 0.351499 
 747 0.909238 0.291822 0.460916 
 748 0.840316 0.347703 0.488137 
 749 0.0292018 0.146892 0.263995 
 750 0.619567 0.544964 0.347071 
 751 0.446682 0.703016 0.269193 
 752 0.666226 0.00407794 0.239094 
 753 0.54973 0.859945 0.0630757 
 754 0.23926 0.678867 0.968109 
 755 0.949759 0.65876 0.918719 
 756 0.661006 0.20614 0.651604 
 757 0.0135255 0.00522157 0.609294 
 758 0.257624 0.90162 0.902113 
 759 0.243279 0.767693 0.40316 
 760 0.201633 0.640892 0.858776 
 761 0.178911 0.672624 0.465196 
 762 0.749464 0.258335 0.176943 
 763 0.850811 0.744156 0.838519 
 764 0.575679 0.817625 0.115527 
 765 0.0123362 0.600679 0.266931 
 766 0.594307 0.873824 0.156314 
 767 0.00138292 0.202816 0.703776 
 768 0.849905 0.120321 0.473134 
 769 0.895053 0.518108 0.7468 
 770 0.181727 0.24453 0.828783 
 771 0.622902 0.639236 0.354897 
 772 0.32111 0.711232 0.098702 
 773 0.0843368 0.784026 0.0847061 
 774 0.331103 0.373826 0.249114 
 775 0.734671 0.680891 0.351759 
 776 0.997208 0.732521 0.922106 
 777 0.926994 0.67228 0.0748204 
 778 0.344182 0.721526 0.490559 
 779 0.0648861 0.630785 0.351589 
 780 0.300365 0.316334 0.147235 
 781 0.873486 0.058457 0.728297 
 782 0.503328 0.25197 0.0253933 
 783 0.747729 0.599097 0.951035 
 784 0.211799 0.414084 0.478844 
 785 0.960355 0.206588 0.540998 
 786 0.610676 0.494987 0.663984 
 787 0.876843 0.987587 0.547524 
 788 0.765407 0.116725 0.527836 
 789 0.168585 0.794266 0.218315 
 790 0.701805 0.414828 0.191066 
 791 0.14538 0.913946 0.668955 
 792 0.567708 0.41738 0.775143 
 793 0.462086 0.159049 0.758134 
 794 0.902021 0.807859 0.580461 
 795 0.03447 0.0430924 0.153324 
 796 0.594311 0.708274 0.128272 
 797 0.634311 0.0670315 0.398004 
 798 0.485823 0.823641 0.131415 
 799 0.128277 0.730484 0.395206 
 800 0.154864 0.382188 0.59748 
 801 0.596836 0.589439 0.593152 
 802 0.684363 0.288789 0.333325 
 803 0.350725 0.926742 0.697095 
 804 0.69272 0.885827 0.974946 
 805 0.920917 0.0901042 0.327161 
 806 0.217436 0.680655 0.559968 
 807 0.811552 0.787989 0.63787 
 808 0.102671 0.344043 0.816455 
 809 0.265161 0.962593 0.195132 
 810 0.133216 0.579983 0.445426 
 811 0.702228 0.773839 0.599825 
 812 0.917324 0.319612 0.119144 
 813 0.497569 0.869428 0.727733 
 814 0.470049 0.0689427 0.674543 
 815 0.339435 0.383494 0.96594 
 816 0.984057 0.507597 0.1509 
 817 0.540625 0.50787 0.840769 
 818 0.831413 0.0336647 0.900701 
 819 0.168438 0.815206 0.530845 
 820 0.8811 0.784755 0.128875 
 821 0.160683 0.709687 0.455188 
 822 0.930787 0.48807 0.0995854 
 823 0.823646 0.267668 0.867155 
 824 0.100827 0.376064 0.250133 
 825 0.498696 0.250666 0.702662 
 826 0.932693 0.527368 0.192802 
 827 0.320893 0.412869 0.492818 
 828 0.0556603 0.279569 0.752299 
 829 0.243853 0.5455 0.537123 
 830 0.326551 0.123459 0.590249 
 831 0.106999 0.634477 0.918335 
 832 0.878687 0.0592056 0.703845 
 833 0.114891 0.303476 0.447666 
 834 0.629898 0.828235 0.0620218 
 835 0.107773 0.866819 0.973358 
 836 0.235513 0.709083 0.491612 
 837 0.0998914 0.759873 0.606725 
 838 0.357723 0.301575 0.263674 
 839 0.546021 0.506722 0.162482 
 840 0.42158 0.282541 0.0587903 
 841 0.562946 0.739343 0.592981 
 842 0.0177121 0.0350754 0.303662 
 843 0.205841 0.670419 0.356862 
 844 0.672188 0.119884 0.842845 
 845 0.438211 0.184329 0.563567 
 846 0.92135 0.416051 0.00674587 
 847 0.917559 0.593954 0.552718 
 848 0.190032 0.789396 0.734969 
 849 0.865868 0.949648 0.786951 
 850 0.0346 0.444365 0.336658 
 851 0.357304 0.838351 0.115331 
 852 0.0230845 0.750636 0.817402 
 853 0.582204 0.351118 0.0178663 
 854 0.0472486 0.661645 0.687111 
 855 0.184183 0.0674538 0.257708 
 856 0.776991 0.465119 0.89118 
 857 0.443538 0.811032 0.639554 
 858 0.107082 0.722466 0.120678 
 859 0.0734069 0.970986 0.0908784 
 860 0.690587 0.409723 0.0652376 
 861 0.661487 0.78765 0.516707 
 862 0.955807 0.183415 0.865564 
 863 0.20187 0.658836 0.526538 
 864 0.85717 0.619201 0.79084 
 865 0.660104 0.25286 0.404283 
 866 0.401721 0.521249 0.503102 
 867 0.169557 0.8529 0.445342 
 868 0.151379 0.907272 0.467453 
 869 0.172824 0.206739 0.711859 
 870 0.475362 0.737766 0.87291 
 871 0.520804 0.0445599 0.683076 
 872 0.582211 0.436282 0.0636394 
 873 0.00272832 0.926968 0.708682 
 874 0.216151 0.647932 0.164175 
 875 0.898566 0.610749 0.583861 
 876 0.494073 0.453408 0.457674 
 877 0.231217 0.853511 0.508727 
 878 0.729903 0.670015 0.373244 
 879 0.216283 0.627979 0.660697 
 880 0.984008 0.650922 0.447137 
 881 0.0203139 0.635559 0.645014 
 882 0.0102207 0.592316 0.00929679 
 883 0.969082 0.777062 0.559453 
 884 0.595177 0.0878793 0.566937 
 885 0.189123 0.0207734 0.834568 
 886 0.524422 0.939903 0.888084 
 887 0.191589 0.573781 0.29777 
 888 0.332342 0.0137542 0.124581 
 889 0.616673 0.970935 0.865558 
 890 0.891801 0.625754 0.13185 
 891 0.475544 0.0214805 0.134597 
 892 0.16909 0.328285 0.765895 
 893 0.126938 0.839386 0.981525 
 894 0.21562 0.0719647 0.202116 
 895 0.618327 0.286551 0.392679 
 896 0.870477 0.0980422 0.651242 
 897 0.727149 0.262388 0.87881 
 898 0.0290182 0.816058 0.338096 
 899 0.724012 0.819839 0.81351 
 900 0.327215 0.314956 0.101029 
 901 0.0118364 0.888653 0.516136 
 902 0.0597382 0.271949 0.111332 
 903 0.122098 0.455856 0.264191 
 904 0.923707 0.445891 0.681257 
 905 0.811042 0.410905 0.513339 
 906 0.461668 0.151173 0.687604 
 907 0.114967 0.933943 0.76525 
 908 0.274471 0.790089 0.888131 
 909 0.0847462 0.953964 0.501875 
 910 0.0771746 0.533463 0.608132 
 911 0.98254 0.314686 0.278801 
 912 0.0408499 0.972289 0.270477 
 913 0.964248 0.521435 0.50533 
 914 0.129281 0.531867 0.558343 
 915 0.639699 0.271261 0.632975 
 916 0.358368 0.277096 0.336687 
 917 0.266695 0.384914 0.254913 
 918 0.365118 0.360796 0.325509 
 919 0.996608 0.876231 0.491283 
 920 0.587469 0.932864 0.438011 
 921 0.79734 0.415344 0.37384 
 922 0.621796 0.679765 0.394971 
 923 0.161142 0.483728 0.768646 
 924 0.866505 0.823144 0.932894 
 925 0.0759489 0.976833 0.0456542 
 926 0.524802 0.754377 0.883716 
 927 0.752642 0.625878 0.197952 
 928 0.062171 0.617668 0.920174 
 929 0.533906 0.122258 0.17457 
 930 0.191008 0.0119826 0.542021 
 931 0.483037 0.548685 0.445125 
 932 0.74273 0.63374 0.206885 
 933 0.716311 0.112157 0.0697623 
 934 0.449073 0.344576 0.697852 
 935 0.880117 0.451014 0.824263 
 936 0.353595 0.258517 0.645227 
 937 0.0622566 0.310873 0.368428 
 938 0.936956 0.257229 0.400611 
 939 0.263061 0.552504 0.0791067 
 940 0.760403 0.862743 0.651346 
 941 0.634654 0.0552722 0.642247 
 942 0.138818 0.0175622 0.813609 
 943 0.376135 0.490592 0.159146 
 944 0.195744 0.431341 0.395815 
 945 0.9207 0.322378 0.905464 
 946 0.803128 0.0306317 0.577947 
 947 0.0960463 0.968735 0.448478 
 948 0.653078 0.724522 0.544051 
 949 0.952181 0.795476 0.916832 
 950 0.483411 0.053707 0.440934 
 951 0.36457 0.0796149 0.508086 
 952 0.213123 0.497715 0.408211 
 953 0.412404 0.0180271 0.707719 
 954 0.0778348 0.745665 0.723325 
 955 0.582718 0.887652 0.306674 
 956 0.258619 0.967055 0.255963 
 957 0.749142 0.677377 0.500206 
 958 0.0506717 0.694512 0.051676 
 959 0.617437 0.050572 0.865243 
 960 0.174662 0.361161 0.283456 
 961 0.230422 0.0439718 0.0363248 
 962 0.506344 0.12147 0.362482 
 963 0.907322 0.912871 0.684278 
 964 0.882162 0.585567 0.299378 
 965 0.226636 0.246585 0.11688 
 966 0.885939 0.168302 0.197311 
 967 0.86042 0.334573 0.702005 
 968 0.396698 0.0140367 0.555216 
 969 0.126787 0.351817 0.748672 
 970 0.869329 0.142442 0.254077 
 971 0.374341 0.793243 0.524568 
 972 0.82649 0.465895 0.887198 
 973 0.281863 0.270732 0.985272 
 974 0.117721 0.53794 0.586631 
 975 0.295637 0.079288 0.435176 
 976 0.650346 0.0197357 0.572651 
 977 0.281662 0.892489 0.190737 
 978 0.977924 0.644404 0.597729 
 979 0.499946 0.304524 0.124892 
 980 0.375326 0.425073 0.134779 
 981 0.0145986 0.771847 0.789262 
 982 0.808977 0.285564 0.440828 
 983 0.904601 0.369008 0.0725559 
 984 0.437347 0.212661 0.0138182 
 985 0.11933 0.323819 0.427669 
 986 0.474145 0.737752 0.822478 
 987 0.618129 0.435341 0.149728 
 988 0.445688 0.863708 0.239887 
 989 0.132903 0.125856 0.0718441 
 990 0.978429 0.319875 0.714672 
 991 0.942964 0.0940204 0.937032 
 992 0.101053 0.504843 0.3461 
 993 0.377386 0.338891 0.692478 
 994 0.60767 0.0329005 0.67767 
 995 0.544446 0.565803 0.743948 
 996 0.649891 0.960534 0.0241649 
 997 0.14497 0.848428 0.538653 
 998 0.0454275 0.0807375 0.437563 
 999 0.606018 0.572191 0.742315 
 1000 0.935468 0.763281 0.89489 
 1001 0.263837 0.832505 0.328185 
 1002 0.28594 0.106944 0.935206 
 1003 0.642078 0.0545925 0.506271 
 1004 0.625917 0.0241095 0.111091 
 1005 0.611765 0.593626 0.138986 
 1006 0.124719 0.623878 0.18697 
 1007 0.130064 0.175028 0.634327 
 1008 0.245333 0.266054 0.870236 
 1009 0.533842 0.577257 0.113071 
 1010 0.164281 0.842864 0.192739 
 1011 0.655397 0.471713 0.783079 
 1012 0.206801 0.269931 0.750788 
 1013 0.591512 0.142807 0.890622 
 1014 0.614091 0.99523 0.559366 
 1015 0.599632 0.453687 0.12178 
 1016 0.193997 0.257892 0.733359 
 1017 0.283692 0.378545 0.69162 
 1018 0.356211 0.183723 0.0418354 
 1019 0.915513 0.629068 0.911718 
 1020 0.305359 0.91332 0.881113 
 1021 0.732303 0.755917 0.232082 
 1022 0.378195 0.849959 0.450003 
 1023 0.45418 0.0972827 0.0978239 
 1024 0.253396 0.607403 0.660968 
 1025 0.194156 0.819454 0.885564 
 1026 0.501327 0.474185 0.23327 
 1027 0.980268 0.569862 0.680094 
 1028 0.289971 0.0592492 0.437353 
 1029 0.263048 0.195842 0.222132 
 1030 0.535973 0.135482 0.992967 
 1031 0.130264 0.48654 0.401709 
 1032 0.141715 0.518302 0.584987 
 1033 0.858676 0.69178 0.929914 
 1034 0.429156 0.910322 0.433534 
 1035 0.447895 0.780333 0.375831 
 1036 0.120312 0.429849 0.189393 
 1037 0.39566 0.0186548 0.16121 
 1038 0.406952 0.740797 0.146683 
 1039 0.436335 0.630227 0.585227 
 1040 0.299362 0.665948 0.348807 
 1041 0.703944 0.0386006 0.168119 
 1042 0.502052 0.686057 0.722315 
 1043 0.579096 0.0836367 0.373438 
 1044 0.598839 0.498661 0.495634 
 1045 0.382846 0.348622 0.183071 
 1046 0.563278 0.316183 0.137626 
 1047 0.137171 0.889979 0.733261 
 1048 0.212682 0.0182054 0.928397 
 1049 0.851217 0.406606 0.448521 
 1050 0.908728 0.210728 0.130106 
 1051 0.47651 0.965715 0.251901 
 1052 0.774501 0.0977598 0.317011 
 1053 0.676047 0.326521 0.0573545 
 1054 0.169697 0.98786 0.296264 
 1055 0.823594 0.111038 0.34111 
 1056 0.247357 0.956063 0.417583 
 1057 0.0762984 0.423045 0.391018 
 1058 0.712226 0.277136 0.258277 
 1059 0.90359 0.4668 0.947775 
 1060 0.809555 0.0297109 0.632295 
 1061 0.297011 0.733325 0.854903 
 1062 0.87283 0.431439 0.234284 
 1063 0.460524 0.5821 0.373295 
 1064 0.0997442 0.134662 0.571538 
 1065 0.804441 0.17247 0.838343 
 1066 0.332091 0.283063 0.360845 
 1067 0.376634 0.249723 0.43034 
 1068 0.48853 0.650867 0.0375162 
 1069 0.674214 0.948517 0.257522 
 1070 0.423887 0.72601 0.820983 
 1071 0.0425191 0.646855 0.719415 
 1072 0.514434 0.819317 0.14098 
 1073 0.823481 0.0525661 0.170671 
 1074 0.36027 0.551663 0.197851 
 1075 0.93425 0.0274864 0.83554 
 1076 0.0103083 0.795861 0.797644 
 1077 0.801737 0.403291 0.14254 
 1078 0.98562 0.587466 0.0191892 
 1079 0.540865 0.783007 0.322151 
 1080 0.550104 0.193824 0.01184 
 1081 0.114349 0.836213 0.745206 
 1082 0.17371 0.457209 0.494667 
 1083 0.977763 0.197613 0.914402 
 1084 0.75994 0.785207 0.94779 
 1085 0.653451 0.0336047 0.639882 
 1086 0.684622 0.975185 0.337418 
 1087 0.799899 0.55144 0.28086 
 1088 0.403279 0.369766 0.2911 
 1089 0.882671 0.558525 0.524222 
 1090 0.713863 0.442621 0.959716 
 1091 0.784108 0.289561 0.039303 
 1092 0.406237 0.598726 0.214046 
 1093 0.329271 0.926541 0.145514 
 1094 0.424214 0.680416 0.444975 
 1095 0.232629 0.998868 0.231273 
 1096 0.620904 0.525763 0.949252 
 1097 0.528475 0.582957 0.975495 
 1098 0.0542872 0.113778 0.524993 
 1099 0.7195 0.684037 0.867906 
 1100 0.914343 0.607128 0.540673 
 1101 0.422963 0.385655 0.780004 
 1102 0.270993 0.337769 0.380518 
 1103 0.0768509 0.871748 0.267609 
 1104 0.447669 0.774517 0.443291 
 1105 0.91312 0.779683 0.568347 
 1106 0.972255 0.413037 0.779471 
 1107 0.827664 0.00932069 0.0897955 
 1108 0.899402 0.532346 0.870695 
 1109 0.582411 0.0169532 0.504559 
 1110 0.869725 0.352927 0.762139 
 1111 0.602848 0.367357 0.608016 
 1112 0.0628078 0.993231 0.901398 
 1113 0.873359 0.172284 0.646518 
 1114 0.678756 0.41051 0.464844 
 1115 0.330703 0.659777 0.474767 
 1116 0.178102 0.554338 0.531074 
 1117 0.183464 0.156904 0.549304 
 1118 0.326616 0.510225 0.478283 
 1119 0.0123863 0.109872 0.107546 
 1120 0.563661 0.959401 0.951428 
 1121 0.492033 0.675409 0.135839 
 1122 0.143506 0.506505 0.396266 
 1123 0.663639 0.0154883 0.704428 
 1124 0.399293 0.697853 0.12148 
 1125 0.457408 0.02731 0.969686 
 1126 0.830091 0.512994 0.503914 
 1127 0.836106 0.594966 0.594965 
 1128 0.749535 0.709201 0.120056 
 1129 0.163195 0.656396 0.440205 
 1130 0.0775662 0.812207 0.25763 
 1131 0.965479 0.169505 0.20022 
 1132 0.253031 0.817263 0.197271 
 1133 0.299837 0.409154 0.0267738 
 1134 0.951071 0.417588 0.745059 
 1135 0.422538 0.49582 0.850489 
 1136 0.0494758 0.0795965 0.917903 
 1137 0.986558 0.00797764 0.993569 
 1138 0.605869 0.168042 0.401607 
 1139 0.470109 0.290487 0.361161 
 1140 0.969331 0.650853 0.272659 
 1141 0.345095 0.378452 0.685852 
 1142 0.0813441 0.848739 0.167479 
 1143 0.616859 0.966631 0.851138 
 1144 0.321331 0.908042 0.258199 
 1145 0.491973 0.216995 0.268734 
 1146 0.975469 0.670279 0.0590868 
 1147 0.979616 0.163555 0.293545 
 1148 0.623563 0.538049 0.749133 
 1149 0.715701 0.741927 0.845105 
 1150 0.828948 0.0294272 0.911418 
 1151 0.951138 0.416618 0.6887 
 1152 0.727036 0.345056 0.732511 
 1153 0.129185 0.55571 0.595424 
 1154 0.302528 0.70636 0.230798 
 1155 0.560634 0.960952 0.252555 
 1156 0.164835 0.483884 0.297056 
 1157 0.150095 0.24874 0.942305 
 1158 0.393628 0.0226966 0.634501 
 1159 0.610195 0.158162 0.312381 
 1160 0.460327 0.185153 0.486789 
 1161 0.361489 0.00759546 0.910676 
 1162 0.362023 0.348012 0.995841 
 1163 0.781054 0.896667 0.622156 
 1164 0.0768882 0.314557 0.984974 
 1165 0.974722 0.436793 0.342294 
 1166 0.993247 0.165845 0.958588 
 1167 0.0983435 0.857179 0.964021 
 1168 0.768145 0.0405685 0.00446583 
 1169 0.573931 0.868637 0.553809 
 1170 0.768928 0.518649 0.0274893 
 1171 0.199973 0.115448 0.334863 
 1172 0.167931 0.696288 0.0615018 
 1173 0.617957 0.0980519 0.381719 
 1174 0.303649 0.479194 0.62395 
 1175 0.91215 0.831929 0.85834 
 1176 0.465769 0.569913 0.0105675 
 1177 0.347538 0.137984 0.426258 
 1178 0.588039 0.637643 0.756062 
 1179 0.437987 0.956678 0.176901 
 1180 0.166499 0.786702 0.748766 
 1181 0.0635263 0.817091 0.139814 
 1182 0.609821 0.852136 0.775414 
 1183 0.623003 0.958431 0.313997 
 1184 0.998259 0.830308 0.961767 
 1185 0.960641 0.828434 0.263314 
 1186 0.441896 0.448969 0.861809 
 1187 0.987966 0.617376 0.436987 
 1188 0.574862 0.253846 0.704244 
 1189 0.810053 0.850532 0.91519 
 1190 0.945298 0.0484222 0.720184 
 1191 0.590644 0.24629 0.163311 
 1192 0.0470823 0.146794 0.182051 
 1193 0.256651 0.187551 0.410323 
 1194 0.562186 0.46534 0.617684 
 1195 0.978183 0.216124 0.838396 
 1196 0.59963 0.332461 0.949417 
 1197 0.541047 0.77226 0.0184661 
 1198 0.919609 0.0306689 0.505797 
 1199 0.0649541 0.048156 0.859309 
 1200 0.720832 0.686712 0.642128 
 1201 0.264747 0.524335 0.360128 
 1202 0.949778 0.901336 0.0325326 
 1203 0.370195 0.331012 0.644164 
 1204 0.94117 0.490501 0.0490324 
 1205 0.816085 0.810312 0.839202 
 1206 0.200165 0.780791 0.769252 
 1207 0.68817 0.359216 0.258349 
 1208 0.502737 0.189467 0.662948 
 1209 0.17572 0.884214 0.391603 
 1210 0.871973 0.130171 0.769645 
 1211 0.563127 0.249722 0.244262 
 1212 0.779054 0.150912 0.153848 
 1213 0.669154 0.646007 0.212985 
 1214 0.725349 0.688618 0.504603 
 1215 0.383354 0.750015 0.584878 
 1216 0.355198 0.0335341 0.449683 
 1217 0.459834 0.206733 0.950809 
 1218 0.332824 0.578607 0.433771 
 1219 0.0840053 0.428676 0.421208 
 1220 0.440227 0.754547 0.192609 
 1221 0.0440468 0.634425 0.900652 
 1222 0.679642 0.695169 0.686388 
 1223 0.307285 0.156582 0.581953 
 1224 0.702887 0.0227531 0.332217 
 1225 0.0668383 0.83564 0.936884 
 1226 0.903326 0.573176 0.0316378 
 1227 0.970571 0.0107037 0.847093 
 1228 0.979706 0.259641 0.015576 
 1229 0.509409 0.937515 0.496504 
 1230 0.0595145 0.710105 0.0699939 
 1231 0.957125 0.0262336 0.316977 
 1232 0.430957 0.942906 0.901709 
 1233 0.770359 0.330214 0.793989 
 1234 0.393015 0.96825 0.21664 
 1235 0.59848 0.696973 0.190158 
 1236 0.240566 0.951589 0.652316 
 1237 0.677485 0.93712 0.306026 
 1238 0.300364 0.374592 0.967676 
 1239 0.650037 0.18561 0.546685 
 1240 0.543747 0.0772668 0.889993 
 1241 0.809728 0.449498 0.268652 
 1242 0.282985 0.422611 0.327819 
 1243 0.0690859 0.808969 0.502997 
 1244 0.890602 0.183855 0.0505262 
 1245 0.20079 0.514926 0.675968 
 1246 0.920182 0.0113724 0.370159 
 1247 0.443624 0.259404 0.948694 
 1248 0.731838 0.476266 0.639559 
 1249 0.0418522 0.94771 0.868622 
 1250 0.622575 0.946096 0.226382 
 1251 0.856975 0.0100983 0.327187 
 1252 0.457505 0.386646 0.710545 
 1253 0.139898 0.349813 0.920824 
 1254 0.464684 0.593039 0.448843 
 1255 0.132393 0.523903 0.899066 
 1256 0.791684 0.851587 0.356592 
 1257 0.844065 0.429462 0.454832 
 1258 0.217926 0.811477 0.519956 
 1259 0.21822 0.884026 0.180567 
 1260 0.502521 0.364557 0.521795 
 1261 0.883226 0.290313 0.369589 
 1262 0.211543 0.767564 0.232409 
 1263 0.241611 0.728885 0.816087 
 1264 0.632006 0.508989 0.0280325 
 1265 0.00596693 0.967519 0.0123532 
 1266 0.41037 0.119164 0.945406 
 1267 0.88079 0.388155 0.79359 
 1268 0.784506 0.557732 0.84274 
 1269 0.656122 0.110877 0.155325 
 1270 0.107908 0.406869 0.104144 
 1271 0.944781 0.664572 0.400083 
 1272 0.484984 0.746807 0.915808 
 1273 0.814077 0.483667 0.479197 
 1274 0.556046 0.213416 0.455483 
 1275 0.777839 0.115683 0.630117 
 1276 0.571922 0.563116 0.445075 
 1277 0.981796 0.555343 0.187447 
 1278 0.275795 0.789718 0.712611 
 1279 0.554628 0.0872581 0.377388 
 1280 0.917782 0.628565 0.917419 
 1281 0.467701 0.0348869 0.563619 
 1282 0.475421 0.778654 0.922722 
 1283 0.0425839 0.308469 0.865724 
 1284 0.159766 0.803251 0.365675 
 1285 0.250542 0.509504 0.282781 
 1286 0.124009 0.394516 0.928331 
 1287 0.679826 0.047894 0.603664 
 1288 0.31126 0.988299 0.801739 
 1289 0.86773 0.132352 0.751049 
 1290 0.642307 0.79308 0.335924 
 1291 0.160259 0.665477 0.103023 
 1292 0.141562 0.789577 0.97647 
 1293 0.816418 0.426887 0.686306 
 1294 0.653111 0.360553 0.612916 
 1295 0.300873 0.692318 0.597581 
 1296 0.63774 0.946162 0.392402 
 1297 0.692147 0.0498907 0.191058 
 1298 0.726748 0.584208 0.920226 
 1299 0.0681217 0.187862 0.678717 
 1300 0.0734777 0.955565 0.692734 
 1301 0.771983 0.757842 0.186149 
 1302 0.931547 0.978026 0.194647 
 1303 0.898379 0.219997 0.760451 
 1304 0.628491 0.0995452 0.178344 
 1305 0.512873 0.751406 0.862763 
 1306 0.294584 0.017046 0.761164 
 1307 0.108759 0.591783 0.461022 
 1308 0.84828 0.532064 0.694409 
 1309 0.751893 0.10175 0.719773 
 1310 0.956425 0.0876621 0.365769 
 1311 0.36566 0.900057 0.69071 
 1312 0.774163 0.911435 0.582073 
 1313 0.518105 0.583324 0.343836 
 1314 0.998762 0.350517 0.256319 
 1315 0.0749449 0.203848 0.548817 
 1316 0.371259 0.403059 0.832896 
 1317 0.785107 0.115645 0.779434 
 1318 0.19149 0.0100387 0.63183 
 1319 0.754942 0.849019 0.124231 
 1320 0.0476286 0.642877 0.210952 
 1321 0.182665 0.23853 0.653791 
 1322 0.473408 0.5214 0.0550276 
 1323 0.136057 0.731593 0.265308 
 1324 0.998429 0.31461 0.537389 
 1325 0.353127 0.869781 0.0548603 
 1326 0.997739 0.582682 0.952152 
 1327 0.942571 0.674123 0.122261 
 1328 0.778808 0.470405 0.855248 
 1329 0.975915 0.702316 0.00647563 
 1330 0.361425 0.557387 0.0773166 
 1331 0.206566 0.872735 0.289194 
 1332 0.6592 0.213073 0.0201529 
 1333 0.418179 0.341633 0.599753 
 1334 0.938686 0.059807 0.313096 
 1335 0.0535613 0.0792217 0.188351 
 1336 0.744766 0.191958 0.778955 
 1337 0.912638 0.938741 0.889713 
 1338 0.469845 0.482052 0.727637 
 1339 0.30637 0.391929 0.685266 
 1340 0.64141 0.860759 0.409251 
 1341 0.260393 0.084553 0.37607 
 1342 0.552672 0.0250541 0.772042 
 1343 0.959378 0.117205 0.0239548 
 1344 0.265966 0.156265 0.975333 
 1345 0.436835 0.967397 0.691781 
 1346 0.954398 0.454342 0.537122 
 1347 0.670772 0.0525875 0.984069 
 1348 0.666 0.218016 0.610087 
 1349 0.50703 0.7958 0.316209 
 1350 0.638677 0.0818415 0.300062 
 1351 0.355306 0.953524 0.629474 
 1352 0.920827 0.750872 0.528885 
 1353 0.781731 0.715926 0.114937 
 1354 0.685722 0.983903 0.180023 
 1355 0.794615 0.643844 0.316696 
 1356 0.121781 0.390287 0.713726 
 1357 0.749462 0.540844 0.0480776 
 1358 0.39998 0.918958 0.635045 
 1359 0.834838 0.779833 0.423298 
 1360 0.405773 0.952945 0.038922 
 1361 0.571324 0.612731 0.855455 
 1362 0.544394 0.88087 0.115636 
 1363 0.240643 0.28902 0.935991 
 1364 0.167669 0.217025 0.630306 
 1365 0.625073 0.766878 0.151664 
 1366 0.931593 0.400782 0.334581 
 1367 0.00840955 0.884926 0.986016 
 1368 0.0767501 0.0846363 0.21711 
 1369 0.019659 0.307184 0.487634 
 1370 0.330408 0.134942 0.00644656 
 1371 0.906382 0.262011 0.24936 
 1372 0.840414 0.826389 0.329953 
 1373 0.191458 0.958142 0.258122 
 1374 0.52275 0.602016 0.289177 
 1375 0.0624621 0.852041 0.94024 
 1376 0.81075 0.0213007 0.272389 
 1377 0.643567 0.171232 0.16601 
 1378 0.254957 0.173395 0.55637 
 1379 0.526861 0.671802 0.751119 
 1380 0.330261 0.695513 0.621476 
 1381 0.839203 0.849181 0.463509 
 1382 0.0748364 0.196084 0.121459 
 1383 0.222172 0.407291 0.348603 
 1384 0.0221198 0.676006 0.54135 
 1385 0.932928 0.346648 0.655511 
 1386 0.608392 0.921366 0.499915 
 1387 0.492241 0.602828 0.973707 
 1388 0.20517 0.94066 0.790697 
 1389 0.877274 0.519376 0.409184 
 1390 0.608 0.314359 0.155756 
 1391 0.367329 0.593383 0.85327 
 1392 0.958534 0.627738 0.0106481 
 1393 0.919585 0.0562852 0.313542 
 1394 0.16788 0.780074 0.153718 
 1395 0.579925 0.620229 0.777345 
 1396 0.5761 0.714931 0.655654 
 1397 0.28144 0.443036 0.979531 
 1398 0.346272 0.920116 0.995027 
 1399 0.555726 0.685952 0.5899 
 1400 0.785241 0.273402 0.910257 
 1401 0.0518745 0.695533 0.981003 
 1402 0.221853 0.0498299 0.216342 
 1403 0.940002 0.964048 0.966607 
 1404 0.00155152 0.71324 0.674981 
 1405 0.921395 0.664115 0.885049 
 1406 0.231398 0.886656 0.188391 
 1407 0.432065 0.606752 0.68731 
 1408 0.443776 0.865152 0.43234 
 1409 0.216276 0.861792 0.290995 
 1410 0.745486 0.454518 0.370383 
 1411 0.630848 0.265238 0.36011 
 1412 0.328977 0.875117 0.668654 
 1413 0.876146 0.703043 0.434953 
 1414 0.919654 0.333261 0.0125233 
 1415 0.442744 0.518614 0.911148 
 1416 0.842601 0.244804 0.850251 
 1417 0.151047 0.96511 0.674491 
 1418 0.262459 0.272908 0.702844 
 1419 0.178505 0.218871 0.0459532 
 1420 0.663805 0.435438 0.476862 
 1421 0.209971 0.585431 0.558365 
 1422 0.363815 0.355686 0.024011 
 1423 0.43806 0.811482 0.725733 
 1424 0.602164 0.00599195 0.875635 
 1425 0.868729 0.392256 0.331481 
 1426 0.272995 0.149516 0.0154024 
 1427 0.0289367 0.346226 0.630742 
 1428 0.243783 0.501541 0.493151 
 1429 0.812662 0.508356 0.606761 
 1430 0.973991 0.0896168 0.767269 
 1431 0.623193 0.807023 0.732756 
 1432 0.335698 0.202463 0.998849 
 1433 0.0452873 0.369329 0.644133 
 1434 0.816597 0.943863 0.745615 
 1435 0.376536 0.767486 0.833962 
 1436 0.176953 0.3322 0.462048 
 1437 0.607984 0.129663 0.662754 
 1438 0.0864451 0.0660638 0.843923 
 1439 0.918031 0.221198 0.0988707 
 1440 0.299551 0.577325 0.808884 
 1441 0.643158 0.684626 0.935264 
 1442 0.770184 0.981877 0.463249 
 1443 0.685252 0.790554 0.792184 
 1444 0.776047 0.459826 0.229254 
 1445 0.603218 0.279226 0.991398 
 1446 0.0485873 0.0568893 0.464599 
 1447 0.603225 0.729865 0.206297 
 1448 0.19321 0.613266 0.883695 
 1449 0.313851 0.293819 0.120898 
 1450 0.85827 0.796818 0.742874 
 1451 0.270478 0.0990294 0.91902 
 1452 0.590202 0.731755 0.274097 
 1453 0.890355 0.0482846 0.900112 
 1454 0.651188 0.066699 0.612857 
 1455 0.66602 0.881885 0.351326 
 1456 0.929148 0.497717 0.780339 
 1457 0.372792 0.533625 0.67 
 1458 0.0715662 0.889458 0.644483 
 1459 0.580336 0.393699 0.116927 
 1460 0.196844 0.249862 0.839254 
 1461 0.815948 0.714008 0.621926 
 1462 0.905462 0.804068 0.0535192 
 1463 0.514302 0.0973696 0.875242 
 1464 0.326459 0.359601 0.936521 
 1465 0.354911 0.217968 0.367407 
 1466 0.253869 0.19843 0.0583385 
 1467 0.304263 0.506911 0.55593 
 1468 0.372224 0.059785 0.301906 
 1469 0.11183 0.801109 0.904157 
 1470 0.273036 0.860588 0.613977 
 1471 0.700909 0.575638 0.640462 
 1472 0.909762 0.865793 0.921154 
 1473 0.34408 0.282269 0.677823 
 1474 0.0243094 0.851496 0.788415 
 1475 0.1448 0.268008 0.122014 
 1476 0.40855 0.281862 0.103282 
 1477 0.822856 0.770861 0.770743 
 1478 0.410878 0.940484 0.457052 
 1479 0.992642 0.618079 0.261779 
 1480 0.316154 0.465569 0.441244 
 1481 0.422787 0.876816 0.0291647 
 1482 0.953037 0.367148 0.460692 
 1483 0.0152495 0.750508 0.994377 
 1484 0.0887504 0.185464 0.0702077 
 1485 0.380494 0.360042 0.431343 
 1486 0.291174 0.816536 0.447811 
 1487 0.529572 0.145574 0.968399 
 1488 0.228029 0.24031 0.825888 
 1489 0.710534 0.889308 0.0728751 
 1490 0.00310773 0.793323 0.148252 
 1491 0.571379 0.978057 0.635948 
 1492 0.166906 0.48672 0.322577 
 1493 0.152589 0.468361 0.53396 
 1494 0.197686 0.239839 0.194253 
 1495 0.95008 0.0582628 0.407068 
 1496 0.258367 0.453382 0.365427 
 1497 0.550248 0.799471 0.936783 
 1498 0.689856 0.306156 0.00452426 
 1499 0.349594 0.706161 0.775492 
 1500 0.132969 0.896707 0.164799 
 1501 0.249753 0.712601 0.900213 
 1502 0.585506 0.801392 0.913086 
 1503 0.205732 0.547364 0.099854 
 1504 0.817633 0.501592 0.884728 
 1505 0.461572 0.5353 0.662868 
 1506 0.191229 0.546563 0.189195 
 1507 0.367027 0.530544 0.722356 
 1508 0.564861 0.662989 0.407103 
 1509 0.287841 0.329229 0.543514 
 1510 0.12022 0.732806 0.936851 
 1511 0.357455 0.524436 0.642266 
 1512 0.687728 0.044793 0.274328 
 1513 0.508227 0.610772 0.417786 
 1514 0.768558 0.446098 0.958208 
 1515 0.840727 0.300472 0.586319 
 1516 0.489183 0.531971 0.454213 
 1517 0.193627 0.0144191 0.150307 
 1518 0.385336 0.841408 0.437424 
 1519 0.93063 0.982852 0.0681858 
 1520 0.818461 0.634167 0.391656 
 1521 0.723694 0.27904 0.67828 
 1522 0.326954 0.4859 0.969957 
 1523 0.703665 0.63672 0.675234 
 1524 0.883667 0.212844 0.234211 
 1525 0.997248 0.541423 0.303135 
 1526 0.763444 0.201781 0.793493 
 1527 0.411583 0.349454 0.117667 
 1528 0.745793 0.172404 0.776733 
 1529 0.205297 0.732911 0.42659 
 1530 0.757999 0.24367 0.634174 
 1531 0.834515 0.268848 0.512063 
 1532 0.760207 0.0459657 0.619564 
 1533 0.880204 0.589963 0.541702 
 1534 0.856918 0.871293 0.975872 
 1535 0.191596 0.721245 0.421976 
 1536 0.00867546 0.0204519 0.00277405 
 1537 0.421338 0.52606 0.442768 
 1538 0.86463 0.713524 0.698174 
 1539 0.376165 0.915295 0.550647 
 1540 0.166681 0.169365 0.415089 
 1541 0.541606 0.160775 0.894231 
 1542 0.518083 0.761401 0.364558 
 1543 0.706948 0.312657 0.867313 
 1544 0.0125534 0.515688 0.201821 
 1545 0.179244 0.373743 0.0512554 
 1546 0.169092 0.232179 0.227067 
 1547 0.194715 0.532276 0.77594 
 1548 0.938955 0.0365914 0.254274 
 1549 0.208094 0.230665 0.766276 
 1550 0.106598 0.879579 0.545243 
 1551 0.684619 0.463328 0.614492 
 1552 0.952667 0.0853294 0.369001 
 1553 0.574766 0.320921 0.168408 
 1554 0.74955 0.912326 0.690163 
 1555 0.426164 0.953821 0.949696 
 1556 0.121372 0.667482 0.855696 
 1557 0.344272 0.929431 0.0478158 
 1558 0.98345 0.458399 0.860504 
 1559 0.283176 0.17452 0.436398 
 1560 0.669076 0.0265788 0.456261 
 1561 0.0830933 0.938493 0.2056 
 1562 0.439444 0.270162 0.0152423 
 1563 0.172304 0.235287 0.306481 
 1564 0.654709 0.510477 0.0453975 
 1565 0.32072 0.489706 0.991811 
 1566 0.486254 0.00887912 0.812216 
 1567 0.517002 0.354173 0.188381 
 1568 0.657854 0.381458 0.0173726 
 1569 0.762306 0.725018 0.309333 
 1570 0.255888 0.238959 0.215523 
 1571 0.740309 0.396485 0.0176223 
 1572 0.204962 0.26093 0.748916 
 1573 0.965565 0.534279 0.828551 
 1574 0.709691 0.074411 0.826727 
 1575 0.669397 0.756299 0.348828 
 1576 0.90921 0.159465 0.260761 
 1577 0.317917 0.25158 0.565273 
 1578 0.799388 0.984155 0.531067 
 1579 0.372281 0.73809 0.722137 
 1580 0.874523 0.414441 0.798284 
 1581 0.0633075 0.922654 0.210003 
 1582 0.337771 0.419629 0.403188 
 1583 0.436213 0.999824 0.657929 
 1584 0.783307 0.45516 0.805153 
 1585 0.524318 0.79161 0.157386 
 1586 0.586894 0.877848 0.957017 
 1587 0.181519 0.476314 0.87387 
 1588 0.999204 0.737554 0.884646 
 1589 0.471043 0.379605 0.427 
 1590 0.541163 0.565309 0.267891 
 1591 0.296595 0.045115 0.942278 
 1592 0.768364 0.770437 0.215298 
 1593 0.21478 0.22529 0.0563787 
 1594 0.843653 0.651715 0.555509 
 1595 0.00153845 0.105828 0.573025 
 1596 0.290231 0.210227 0.316266 
 1597 0.597399 0.473189 0.909489 
 1598 0.563258 0.975917 0.853833 
 1599 0.0809933 0.0934116 0.241239 
 1600 0.693153 0.0827394 0.520978 
 1601 0.736205 0.899801 0.613366 
 1602 0.186587 0.127236 0.0662225 
 1603 0.0618632 0.659738 0.937971 
 1604 0.229748 0.335315 0.414524 
 1605 0.533474 0.198187 0.806202 
 1606 0.0726642 0.820671 0.214704 
 1607 0.899022 0.0549657 0.348072 
 1608 0.787287 0.900624 0.392236 
 1609 0.418166 0.861993 0.455244 
 1610 0.882874 0.0207714 0.0424738 
 1611 0.831394 0.887941 0.929649 
 1612 0.871538 0.0198612 0.397118 
 1613 0.137745 0.453123 0.44498 
 1614 0.657726 0.0619912 0.366331 
 1615 0.500862 0.506177 0.844667 
 1616 0.897745 0.717052 0.45726 
 1617 0.227832 0.459186 0.317464 
 1618 0.962141 0.138376 0.0454216 
 1619 0.0156414 0.321486 0.866082 
 1620 0.035569 0.511329 0.45804 
 1621 0.858358 0.0750486 0.198635 
 1622 0.980246 0.676973 0.0261051 
 1623 0.775791 0.424127 0.643257 
 1624 0.17886 0.908472 0.406557 
 1625 0.373211 0.726644 0.907927 
 1626 0.399168 0.811424 0.328351 
 1627 0.558376 0.230595 0.658469 
 1628 0.315654 0.118963 0.457988 
 1629 0.0264176 0.81594 0.72359 
 1630 0.0909478 0.0880292 0.792257 
 1631 0.440064 0.948863 0.951857 
 1632 0.675549 0.234198 0.0280476 
 1633 0.176678 0.246879 0.572491 
 1634 0.866204 0.678947 0.936183 
 1635 0.581273 0.617795 0.0630197 
 1636 0.343921 0.666294 0.186727 
 1637 0.772835 0.708091 0.699689 
 1638 0.238304 0.36809 0.969835 
 1639 0.0337228 0.979411 0.45219 
 1640 0.415829 0.665805 0.162423 
 1641 0.0691222 0.276276 0.428056 
 1642 0.179998 0.896258 0.232257 
 1643 0.496855 0.615152 0.97412 
 1644 0.37394 0.805371 0.55053 
 1645 0.60898 0.673072 0.0794626 
 1646 0.175225 0.49378 0.509076 
 1647 0.132092 0.558955 0.319727 
 1648 0.918729 0.320165 0.756594 
 1649 0.0520832 0.888654 0.743482 
 1650 0.538358 0.5418 0.545119 
 1651 0.0505751 0.975878 0.984648 
 1652 0.456296 0.476639 0.273159 
 1653 0.0678381 0.979817 0.453719 
 1654 0.484691 0.846721 0.874355 
 1655 0.182553 0.747745 0.525005 
 1656 0.407478 0.782507 0.725288 
 1657 0.441083 0.683209 0.681594 
 1658 0.954533 0.40529 0.902425 
 1659 0.787121 0.765638 0.108166 
 1660 0.286038 0.92041 0.777956 
 1661 0.627572 0.252131 0.457786 
 1662 0.805768 0.308658 0.108227 
 1663 0.600856 0.0192279 0.633739 
 1664 0.495394 0.08726 0.206818 
 1665 0.13792 0.2459 0.0672689 
 1666 0.95494 0.470122 0.687283 
 1667 0.394033 0.867642 0.695446 
 1668 0.200847 0.736754 0.841483 
 1669 0.433314 0.164374 0.178788 
 1670 0.0455491 0.660306 0.895084 
 1671 0.703591 0.14556 0.070277 
 1672 0.683194 0.0746799 0.0187792 
 1673 0.083027 0.0386854 0.617131 
 1674 0.606733 0.25162 0.514221 
 1675 0.552495 0.518195 0.1842 
 1676 0.801956 0.550154 0.375715 
 1677 0.095737 0.746317 0.279283 
 1678 0.710414 0.57689 0.0627575 
 1679 0.714593 0.0630741 0.524805 
 1680 0.671474 0.760198 0.682907 
 1681 0.911044 0.720119 0.0556286 
 1682 0.286442 0.720107 0.677672 
 1683 0.320651 0.78561 0.396109 
 1684 0.256741 0.863621 0.306184 
 1685 0.0763722 0.344131 0.0261836 
 1686 0.381596 0.315048 0.687926 
 1687 0.462913 0.326427 0.869251 
 1688 0.250901 0.741105 0.295559 
 1689 0.1736 0.0736628 0.750275 
 1690 0.289374 0.823901 0.175254 
 1691 0.68907 0.695476 0.639159 
 1692 0.52257 0.684024 0.967532 
 1693 0.869852 0.754213 0.606279 
 1694 0.0954088 0.206311 0.792483 
 1695 0.488633 0.472081 0.600171 
 1696 0.385201 0.52166 0.771249 
 1697 0.802853 0.736689 0.925586 
 1698 0.411714 0.632236 0.551307 
 1699 0.780981 0.589029 0.886028 
 1700 0.505933 0.466212 0.735822 
 1701 0.362201 0.860003 0.0208128 
 1702 0.967575 0.311627 0.533052 
 1703 0.0902051 0.917436 0.448969 
 1704 0.0483209 0.962872 0.581399 
 1705 0.767661 0.783473 0.160769 
 1706 0.0132279 0.841706 0.643045 
 1707 0.221671 0.278944 0.780674 
 1708 0.539015 0.858071 0.75852 
 1709 0.381987 0.259202 0.481442 
 1710 0.823959 0.0493881 0.794634 
 1711 0.383081 0.921324 0.390619 
 1712 0.417153 0.85719 0.0489479 
 1713 0.121323 0.919602 0.740472 
 1714 0.788184 0.832263 0.74236 
 1715 0.47192 0.638113 0.175488 
 1716 0.517794 0.63199 0.628449 
 1717 0.56759 0.869755 0.578554 
 1718 0.866594 0.286195 0.201905 
 1719 0.694329 0.624776 0.841634 
 1720 0.15505 0.890997 0.541678 
 1721 0.855671 0.593068 0.510892 
 1722 0.535628 0.619892 0.710724 
 1723 0.40964 0.422064 0.320326 
 1724 0.601433 0.0602732 0.677082 
 1725 0.249052 0.347703 0.560277 
 1726 0.514279 0.27509 0.757966 
 1727 0.591539 0.277847 0.366337 
 1728 0.74884 0.989261 0.533109 
 1729 0.16083 0.7189 0.195332 
 1730 0.627312 0.932982 0.202791 
 1731 0.15187 0.384415 0.712422 
 1732 0.522095 0.832848 0.235425 
 1733 0.0869041 0.338484 0.846675 
 1734 0.511061 0.940255 0.610405 
 1735 0.536711 0.438983 0.707571 
 1736 0.183394 0.2369 0.469518 
 1737 0.843306 0.949578 0.643767 
 1738 0.62262 0.238057 0.366231 
 1739 0.0360261 0.0973372 0.972622 
 1740 0.297554 0.425212 0.72732 
 1741 0.723067 0.115467 0.408484 
 1742 0.193853 0.340173 0.828294 
 1743 0.566946 0.207798 0.423796 
 1744 0.652792 0.240354 0.695134 
 1745 0.777137 0.502528 0.230274 
 1746 0.574502 0.85789 0.190975 
 1747 0.824861 0.335269 0.938587 
 1748 0.475797 0.602847 0.820354 
 1749 0.680365 0.0355243 0.863397 
 1750 0.45195 0.693011 0.551309 
 1751 0.533658 0.420326 0.849102 
 1752 0.515955 0.930551 0.344786 
 1753 0.353638 0.47889 0.570153 
 1754 0.00893887 0.36118 0.0804793 
 1755 0.563779 0.420156 0.45956 
 1756 0.971564 0.49545 0.0636793 
 1757 0.197402 0.46113 0.0852611 
 1758 0.396632 0.118493 0.443426 
 1759 0.280633 0.197687 0.495973 
 1760 0.307131 0.414903 0.114233 
 1761 0.954866 0.374323 0.905355 
 1762 0.342688 0.157833 0.210772 
 1763 0.10222 0.560302 0.139971 
 1764 0.0791193 0.39008 0.489863 
 1765 0.604462 0.361968 0.782714 
 1766 0.0881029 0.239785 0.0487077 
 1767 0.708676 0.294807 0.392714 
 1768 0.307921 0.561167 0.163177 
 1769 0.504238 0.0929756 0.902319 
 1770 0.630008 0.707539 0.829958 
 1771 0.0925447 0.942447 0.510612 
 1772 0.363745 0.0769716 0.549538 
 1773 0.233831 0.716266 0.883651 
 1774 0.839872 0.996927 0.405464 
 1775 0.960685 0.345234 0.188284 
 1776 0.977573 0.539939 0.0943795 
 1777 0.144808 0.229857 0.22059 
 1778 0.998816 0.941715 0.831528 
 1779 0.300384 0.157954 0.806312 
 1780 0.846363 0.235015 0.482929 
 1781 0.714354 0.0830371 0.660543 
 1782 0.637298 0.450097 0.127622 
 1783 0.965903 0.34123 0.166829 
 1784 0.422036 0.565267 0.984592 
 1785 0.0615312 0.684677 0.043595 
 1786 0.950202 0.409997 0.709235 
 1787 0.299652 0.459072 0.697974 
 1788 0.201338 0.966017 0.81146 
 1789 0.825241 0.311134 0.34903 
 1790 0.0673546 0.996507 0.108434 
 1791 0.305711 0.525287 0.592541 
 1792 0.059856 0.554281 0.818922 
 1793 0.398412 0.81185 0.814698 
 1794 0.85243 0.292388 0.369451 
 1795 0.0834578 0.349991 0.964545 
 1796 0.586942 0.177663 0.0554919 
 1797 0.8781 0.289521 0.548316 
 1798 0.860789 0.288993 0.0416645 
 1799 0.805732 0.29982 0.052543 
 1800 0.714217 0.376965 0.400042 
 1801 0.124754 0.296681 0.692197 
 1802 0.461571 0.766758 0.23884 
 1803 0.798881 0.119952 0.196925 
 1804 0.221119 0.0746622 0.0508369 
 1805 0.858841 0.925355 0.946818 
 1806 0.695685 0.227348 0.0892269 
 1807 0.420106 0.786256 0.681302 
 1808 0.525541 0.786125 0.867077 
 1809 0.576799 0.776879 0.726145 
 1810 0.145596 0.2888 0.66086 
 1811 0.709099 0.121988 0.20103 
 1812 0.902109 0.545903 0.347055 
 1813 0.292561 0.162494 0.890095 
 1814 0.303051 0.69523 0.251742 
 1815 0.853739 0.282855 0.334671 
 1816 0.337787 0.00530677 0.366277 
 1817 0.241862 0.901387 0.467907 
 1818 0.677265 0.127682 0.723985 
 1819 0.600616 0.890883 0.811141 
 1820 0.354139 0.732483 0.124633 
 1821 0.994716 0.822729 0.00052698 
 1822 0.150405 0.235977 0.319804 
 1823 0.966904 0.0825574 0.934946 
 1824 0.564168 0.308857 0.16651 
 1825 0.161645 0.035095 0.650118 
 1826 0.993372 0.00549442 0.40775 
 1827 0.186332 0.577727 0.337413 
 1828 0.55283 0.527325 0.866002 
 1829 0.540814 0.365542 0.469309 
 1830 0.0584325 0.599897 0.698764 
 1831 0.323991 0.917781 0.330435 
 1832 0.98429 0.753527 0.607383 
 1833 0.109722 0.178405 0.720218 
 1834 0.193854 0.91225 0.269594 
 1835 0.606971 0.656019 0.852806 
 1836 0.0531001 0.191653 0.656951 
 1837 0.424573 0.319419 0.771213 
 1838 0.0286266 0.0536522 0.908646 
 1839 0.284321 0.698522 0.103815 
 1840 0.464724 0.514953 0.706241 
 1841 0.445273 0.874665 0.374989 
 1842 0.274047 0.110564 0.826158 
 1843 0.903879 0.425498 0.974951 
 1844 0.804286 0.676913 0.480345 
 1845 0.480936 0.1387 0.401213 
 1846 0.326454 0.519071 0.163325 
 1847 0.787832 0.203281 0.823153 
 1848 0.228865 0.0450509 0.0325436 
 1849 0.260942 0.926378 0.826531 
 1850 0.646791 0.00527542 0.307121 
 1851 0.325474 0.504986 0.717364 
 1852 0.99285 0.612809 0.193146 
 1853 0.225511 0.584709 0.799451 
 1854 0.474912 0.00425626 0.129416 
 1855 0.462062 0.969235 0.257777 
 1856 0.0294092 0.4978 0.584077 
 1857 0.127301 0.632671 0.331885 
 1858 0.418369 0.933151 0.57779 
 1859 0.53761 0.264266 0.372148 
 1860 0.102467 0.262933 0.0506242 
 1861 0.30598 0.418343 0.917143 
 1862 0.267453 0.404107 0.755333 
 1863 0.869253 0.808758 0.0782529 
 1864 0.398135 0.571093 0.869203 
 1865 0.389673 0.995876 0.538989 
 1866 0.633204 0.0264595 0.738608 
 1867 0.234926 0.997589 0.242753 
 1868 0.624442 0.0590424 0.658188 
 1869 0.273673 0.223568 0.880913 
 1870 0.20712 0.580375 0.944792 
 1871 0.623519 0.153787 0.525541 
 1872 0.0626483 0.0812785 0.212802 
 1873 0.59519 0.924167 0.440944 
 1874 0.29697 0.121573 0.215382 
 1875 0.295695 0.587672 0.370554 
 1876 0.688323 0.603361 0.0916776 
 1877 0.365006 0.55722 0.936687 
 1878 0.920303 0.683147 0.826545 
 1879 0.737923 0.797715 0.468981 
 1880 0.628593 0.224692 0.460831 
 1881 0.218737 0.880053 0.188555 
 1882 0.926269 0.219878 0.0534628 
 1883 0.487003 0.449101 0.192976 
 1884 0.313247 0.275345 0.631015 
 1885 0.932613 0.340226 0.296642 
 1886 0.0789273 0.946139 0.443452 
 1887 0.909915 0.566393 0.176079 
 1888 0.728336 0.586962 0.759332 
 1889 0.416034 0.691125 0.687863 
 1890 0.655228 0.263195 0.622263 
 1891 0.810059 0.673838 0.333559 
 1892 0.00495068 0.795185 0.0999962 
 1893 0.585002 0.468881 0.673846 
 1894 0.193926 0.677449 0.848994 
 1895 0.520985 0.00548669 0.989123 
 1896 0.03344 0.536025 0.928529 
 1897 0.0604158 0.349809 0.804926 
 1898 0.555359 0.959495 0.0234241 
 1899 0.877209 0.529072 0.455832 
 1900 0.0415765 0.280864 0.196577 
 1901 0.981229 0.0319882 0.169126 
 1902 0.31576 0.875436 0.858176 
 1903 0.91252 0.320859 0.944493 
 1904 0.818269 0.678763 0.141064 
 1905 0.816935 0.582984 0.11432 
 1906 0.794762 0.087115 0.17659 
 1907 0.232735 0.778938 0.313033 
 1908 0.0032725 0.488946 0.43339 
 1909 0.583536 0.270689 0.773286 
 1910 0.194312 0.826124 0.052253 
 1911 0.0047086 0.551801 0.180095 
 1912 0.145861 0.573855 0.145679 
 1913 0.473249 0.770159 0.460869 
 1914 0.576192 0.116801 0.831182 
 1915 0.268775 0.716664 0.794676 
 1916 0.906293 0.051304 0.387299 
 1917 0.496102 0.51251 0.0652527 
 1918 0.810836 0.184074 0.0830298 
 1919 0.549016 0.293855 0.754664 
 1920 0.224748 0.874882 0.153635 
 1921 0.181309 0.430524 0.155872 
 1922 0.450792 0.120772 0.620716 
 1923 0.345703 0.302521 0.908656 
 1924 0.701689 0.610841 0.879678 
 1925 0.811991 0.749651 0.722773 
 1926 0.398773 0.402879 0.862531 
 1927 0.247088 0.218637 0.249752 
 1928 0.0566877 0.527937 0.724858 
 1929 0.667187 0.984535 0.399573 
 1930 0.605207 0.786665 0.738119 
 1931 0.903087 0.405444 0.244027 
 1932 0.891864 0.818821 0.475679 
 1933 0.653083 0.31374 0.217251 
 1934 0.118052 0.964499 0.857599 
 1935 0.630107 0.162472 0.24105 
 1936 0.160304 0.566895 0.554305 
 1937 0.838469 0.824777 0.510919 
 1938 0.0645829 0.921566 0.866176 
 1939 0.74281 0.842533 0.534778 
 1940 0.605163 0.184742 0.301123 
 1941 0.31922 0.225284 0.537889 
 1942 0.43914 0.658356 0.436546 
 1943 0.972492 0.673841 0.410243 
 1944 0.914436 0.437249 0.966251 
 1945 0.559432 0.903743 0.753624 
 1946 0.442378 0.117495 0.646645 
 1947 0.28025 0.700632 0.488891 
 1948 0.649346 0.766757 0.629739 
 1949 0.662979 0.265756 0.982703 
 1950 0.0284234 0.181659 0.0362519 
 1951 0.612471 0.62152 0.721942 
 1952 0.917528 0.635823 0.17519 
 1953 0.67382 0.0627049 0.974331 
 1954 0.900182 0.254583 0.21474 
 1955 0.39237 0.308021 0.0596514 
 1956 0.839209 0.656479 0.99133 
 1957 0.975467 0.633731 0.965118 
 1958 0.505626 0.571667 0.83316 
 1959 0.86944 0.770986 0.712271 
 1960 0.705672 0.778869 0.966755 
 1961 0.633331 0.186284 0.91418 
 1962 0.356684 0.241802 0.162597 
 1963 0.54337 0.201755 0.81762 
 1964 0.261751 0.146551 0.69305 
 1965 0.306171 0.203722 0.414724 
 1966 0.866804 0.438605 0.61039 
 1967 0.284145 0.136058 0.526558 
 1968 0.211973 0.00503736 0.390553 
 1969 0.337021 0.971347 0.919322 
 1970 0.704677 0.837522 0.726015 
 1971 0.139031 0.507489 0.0318892 
 1972 0.104259 0.372717 0.631326 
 1973 0.246402 0.907347 0.699398 
 1974 0.633079 0.644712 0.615741 
 1975 0.162621 0.405922 0.903094 
 1976 0.483681 0.882356 0.339018 
 1977 0.00263711 0.646768 0.858953 
 1978 0.858458 0.55326 0.0131571 
 1979 0.550156 0.313687 0.488172 
 1980 0.226272 0.0941709 0.10105 
 1981 0.781021 0.601161 0.0634096 
 1982 0.895597 0.97042 0.401654 
 1983 0.37844 0.834589 0.828291 
 1984 0.401083 0.719833 0.512388 
 1985 0.0754494 0.372174 0.361183 
 1986 0.861195 0.523913 0.712066 
 1987 0.95351 0.880857 0.958981 
 1988 0.805868 0.116786 0.981543 
 1989 0.857103 0.973984 0.362226 
 1990 0.381333 0.422875 0.928209 
 1991 0.0802246 0.660502 0.0856098 
 1992 0.463416 0.384482 0.239614 
 1993 0.333513 0.279131 0.997579 
 1994 0.0328373 0.826358 0.925786 
 1995 0.0654311 0.879037 0.597599 
 1996 0.133836 0.673424 0.195365 
 1997 0.830895 0.57879 0.379635 
 1998 0.46218 0.175087 0.594066 
 1999 0.362476 0.398432 0.386466 
 2000 0.122143 0.393516 0.938498 
